tx,pathsize,hist,hgb,nodediss,age,survtime,stat,loctime,lcens,axltime,acens,distime,dcens,maltime,mcens,hrlevel,stnum
B,1.0,DUC,140,Y,51,8.2683093771,0,8.2683093771,0,8.2683093771,0,8.2683093771,0,8.2683093771,0,POS,1
B,0.5,DUC,138,Y,74,6.173853525,0,6.173853525,0,6.173853525,0,1.3524982888,1,6.173853525,0,POS,2
B,1.1,DUC,157,Y,71,7.1759069131,0,7.1759069131,0,7.1759069131,0,7.1759069131,0,7.1759069131,0,POS,3
B,0.8,DUC,136,Y,52,9.5058179329,0,9.5058179329,0,9.5058179329,0,9.5058179329,0,9.5058179329,0,POS,4
B,1.5,DUC,123,Y,62,9.0951403149,0,9.0951403149,0,9.0951403149,0,9.0951403149,0,9.0951403149,0,POS,5
B,0.7,DUC,122,Y,75,8.0958247775,1,8.0958247775,0,8.0958247775,0,8.0958247775,0,8.0958247775,0,POS,6
B,2.4,DUC,139,Y,77,0.7255304586,1,0.7255304586,0,0.7255304586,0,0.6023271732,1,0.7255304586,0,POS,7
B,2.0,DUC,142,Y,78,4.9637234771,0,4.9637234771,0,4.9637234771,0,4.9637234771,0,4.9637234771,0,POS,8
B,2.0,DUC,121,Y,65,8.848733744,0,8.848733744,0,8.848733744,0,8.848733744,0,8.848733744,0,POS,9
B,1.2,DUC,132,Y,67,5.1635865845,0,5.1635865845,0,5.1635865845,0,5.1635865845,0,5.1635865845,0,POS,10
B,1.5,DUC,133,Y,64,8.8377823409,0,8.8377823409,0,8.8377823409,0,8.8377823409,0,8.8377823409,0,POS,11
B,0.5,OTH,129,Y,58,8.9938398357,0,8.9938398357,0,8.9938398357,0,8.9938398357,0,8.9938398357,0,POS,12
B,2.2,DUC,143,Y,71,7.1950718686,0,7.1950718686,0,7.1950718686,0,7.1950718686,0,7.1950718686,0,POS,13
B,1.7,DUC,140,Y,51,9.3853524983,0,9.3853524983,0,9.3853524983,0,7.909650924,1,0.9418206708,1,POS,14
B,1.3,LOB,121,Y,57,9.0020533881,0,9.0020533881,0,9.0020533881,0,9.0020533881,0,9.0020533881,0,POS,15
B,3.8,DUC,152,Y,70,1.0349075975,1,1.0349075975,0,1.0349075975,0,0.7392197125,1,1.0349075975,0,POS,16
B,1.5,DUC,132,Y,67,0.3422313484,1,0.3422313484,0,0.3422313484,0,0.3422313484,0,0.3121149897,1,POS,17
B,3.0,DUC,153,Y,54,9.4757015743,0,9.4757015743,0,9.4757015743,0,9.4757015743,0,2.6255989049,1,POS,18
B,0.5,DUC,121,Y,53,9.5414099932,0,9.5414099932,0,9.5414099932,0,9.5414099932,0,9.5414099932,0,POS,19
B,2.0,DUC,140,N,72,9.3086926762,0,9.3086926762,0,9.3086926762,0,9.3086926762,0,9.3086926762,0,POS,20
B,2.5,DUC,129,Y,57,7.7645448323,0,6.173853525,1,7.7645448323,0,7.7645448323,0,7.7645448323,0,POS,21
B,1.1,DUC,126,Y,67,9.0951403149,0,9.0951403149,0,9.0951403149,0,9.0951403149,0,9.0951403149,0,POS,22
B,1.0,DUC,134,Y,56,7.1731690623,0,7.1731690623,0,7.1731690623,0,7.1731690623,0,7.1731690623,0,POS,23
B,1.5,DUC,134,N,86,3.06091718,1,3.06091718,0,3.06091718,0,3.06091718,0,0.8186173854,1,POS,24
B,1.5,LOB,114,Y,82,5.7905544148,0,5.7905544148,0,5.7905544148,0,5.7905544148,0,5.7905544148,0,POS,25
B,1.0,OTH,136,Y,54,5.7659137577,0,5.7659137577,0,5.7659137577,0,5.7659137577,0,5.7659137577,0,POS,26
B,2.0,DUC,136,Y,57,8.8761122519,0,8.8761122519,0,8.8761122519,0,8.8761122519,0,8.8761122519,0,POS,27
B,1.5,MIX,140,Y,80,9.0239561944,0,9.0239561944,0,9.0239561944,0,9.0239561944,0,9.0239561944,0,POS,28
B,1.5,DUC,159,Y,67,9.1279945243,0,9.1279945243,0,9.1279945243,0,9.1279945243,0,9.1279945243,0,POS,29
B,1.0,DUC,152,Y,53,8.4079397673,0,8.4079397673,0,8.4079397673,0,8.4079397673,0,8.4079397673,0,POS,30
B,1.5,DUC,124,Y,61,8.2026009582,0,8.2026009582,0,8.2026009582,0,8.2026009582,0,8.2026009582,0,POS,31
B,1.5,DUC,146,N,70,6.1163586585,0,6.1163586585,0,6.1163586585,0,6.1163586585,0,0.7282683094,1,POS,32
B,4.0,DUC,116,Y,57,1.4127310062,1,1.4127310062,0,0.2162902122,1,0.2162902122,1,1.4127310062,0,NEG,33
B,1.1,DUC,138,Y,62,8.5201916496,0,8.5201916496,0,8.5201916496,0,8.5201916496,0,8.5201916496,0,NEG,34
B,0.8,LOB,148,N,78,4.8761122519,0,4.8761122519,0,4.8761122519,0,4.8761122519,0,4.8761122519,0,POS,35
B,2.0,DUC,129,Y,54,8.1423682409,0,8.1423682409,0,8.1423682409,0,8.1423682409,0,8.1423682409,0,POS,36
B,1.3,MIX,154,Y,68,8.8925393566,0,8.8925393566,0,8.8925393566,0,8.8925393566,0,8.8925393566,0,POS,37
B,1.0,DUC,131,Y,61,8.8131416838,0,8.8131416838,0,8.8131416838,0,8.8131416838,0,8.8131416838,0,POS,38
B,2.5,DUC,125,Y,67,9.2238193018,0,9.2238193018,0,9.2238193018,0,9.2238193018,0,9.2238193018,0,POS,39
B,1.0,DUC,143,Y,72,6.0588637919,0,6.0588637919,0,6.0588637919,0,6.0588637919,0,6.0588637919,0,POS,40
B,3.0,DUC,144,Y,61,8.9418206708,0,8.9418206708,0,8.9418206708,0,8.9418206708,0,8.9418206708,0,POS,41
B,1.2,DUC,153,Y,78,9.1389459274,0,9.1389459274,0,9.1389459274,0,9.1389459274,0,9.1389459274,0,POS,42
B,0.8,DUC,138,Y,65,8.8624229979,0,8.8624229979,0,8.8624229979,0,8.8624229979,0,8.8624229979,0,POS,43
B,2.5,DUC,140,Y,62,9.4346338125,0,9.4346338125,0,9.4346338125,0,9.4346338125,0,9.4346338125,0,POS,44
B,3.0,DUC,147,Y,61,1.7221081451,1,1.7221081451,0,1.7221081451,0,1.1115674196,1,1.7221081451,0,NEG,45
B,1.2,DUC,146,Y,52,4.848733744,0,4.848733744,0,4.848733744,0,4.848733744,0,4.848733744,0,POS,46
B,2.0,LOB,126,Y,81,8.9664613279,0,8.9664613279,0,8.9664613279,0,8.9664613279,0,8.9664613279,0,POS,47
B,1.5,DUC,145,Y,52,8.5311430527,0,8,1,8.5311430527,0,8.5311430527,0,2.2422997947,1,POS,48
B,3.5,DUC,146,Y,71,7.7782340862,0,7.7782340862,0,7.7782340862,0,7.7782340862,0,7.7782340862,0,POS,49
B,0.9,OTH,147,Y,57,7.923340178,0,7.923340178,0,7.923340178,0,7.923340178,0,7.923340178,0,POS,50
B,1.5,MIX,127,Y,65,8.8049281314,0,8.8049281314,0,8.8049281314,0,8.3942505133,1,8.8049281314,0,POS,51
B,2.0,DUC,129,Y,69,8.9555099247,0,8.9555099247,0,8.9555099247,0,8.9555099247,0,8.9555099247,0,NEG,52
B,1.8,DUC,142,Y,52,9.0924024641,0,9.0924024641,0,9.0924024641,0,9.0924024641,0,9.0924024641,0,POS,53
B,1.6,MIX,145,Y,61,8.9281314168,0,8.9281314168,0,8.9281314168,0,8.9281314168,0,8.9281314168,0,POS,54
B,1.6,DUC,131,Y,79,2.3655030801,1,2.3655030801,0,2.3655030801,0,1.4209445585,1,2.3655030801,0,NEG,55
B,1.4,DUC,154,Y,71,4.8459958932,0,4.8459958932,0,4.8459958932,0,4.8459958932,0,4.8459958932,0,POS,56
B,1.0,DUC,142,Y,58,4.9938398357,0,4.9938398357,0,4.9938398357,0,4.9938398357,0,4.9938398357,0,POS,57
B,2.0,MIX,147,Y,52,8.6406570842,0,8.6406570842,0,8.6406570842,0,8.6406570842,0,8.6406570842,0,POS,58
B,1.0,DUC,156,Y,72,8.7227926078,0,8.7227926078,0,8.7227926078,0,8.7227926078,0,8.7227926078,0,POS,59
B,1.5,MIX,118,Y,87,5.0595482546,0,5.0595482546,0,5.0595482546,0,5.0595482546,0,5.0595482546,0,POS,60
B,1.0,DUC,136,Y,70,8.6516084873,0,8.6516084873,0,8.6516084873,0,8.6516084873,0,8.6516084873,0,NEG,61
B,1.5,LOB,152,Y,71,6.7077344285,0,6.7077344285,0,6.7077344285,0,6.7077344285,0,6.7077344285,0,POS,62
B,1.5,DUC,155,Y,79,4.2874743326,0,4.2874743326,0,4.2874743326,0,4.2874743326,0,4.2874743326,0,POS,63
B,1.0,MIX,106,N,68,8.167008898,0,8.167008898,0,8.167008898,0,8.167008898,0,8.167008898,0,POS,64
B,2.2,MED,141,Y,61,1.8015058179,1,1.8015058179,0,1.8015058179,0,1.1471594798,1,1.8015058179,0,NEG,65
B,3.3,DUC,138,Y,72,8.1505817933,1,8.1505817933,0,8.1505817933,0,2.0342231348,1,4.2299794661,1,NEG,66
B,1.5,DUC,140,Y,54,8.0109514031,0,8.0109514031,0,8.0109514031,0,8.0109514031,0,8.0109514031,0,POS,67
B,2.0,MED,149,Y,58,9.067761807,0,9.067761807,0,9.067761807,0,9.067761807,0,9.067761807,0,POS,68
B,2.0,MIX,134,Y,64,3.4907597536,1,3.4907597536,0,3.4907597536,0,3.4907597536,0,3.4907597536,0,POS,69
B,2.2,MIX,126,Y,61,6.9952087611,1,6.9952087611,0,5.1800136893,1,5.2292950034,1,6.9952087611,0,POS,70
B,0.8,MIX,146,Y,77,7.9863107461,0,7.9863107461,0,7.9863107461,0,7.9863107461,0,7.9863107461,0,POS,71
B,3.0,DUC,133,N,70,6.5242984257,0,6.5242984257,0,6.5242984257,0,6.5242984257,0,6.5242984257,0,POS,72
B,0.5,DUC,142,Y,61,8.0684462697,0,8.0684462697,0,8.0684462697,0,8.0684462697,0,8.0684462697,0,POS,73
B,0.8,MIX,120,Y,57,7.3785078713,0,7.3785078713,0,7.3785078713,0,7.3785078713,0,7.3785078713,0,POS,74
B,1.0,MED,140,Y,70,8.2436687201,0,8.2436687201,0,8.2436687201,0,8.2436687201,0,8.2436687201,0,POS,75
B,1.5,MIX,160,Y,79,6.4887063655,0,6.4887063655,0,6.4887063655,0,6.4887063655,0,6.4887063655,0,POS,76
B,1.5,LOB,143,N,73,8.1642710472,0,8.1642710472,0,8.1642710472,0,8.1642710472,0,7.7672826831,1,POS,77
B,0.6,DUC,130,Y,70,8.4736481862,0,8.4736481862,0,8.4736481862,0,8.4736481862,0,8.4736481862,0,POS,78
B,1.5,MIX,121,Y,71,7.3867214237,0,7.3867214237,0,7.3867214237,0,7.3867214237,0,7.3867214237,0,POS,79
B,1.3,DUC,130,Y,57,8.3394934976,0,8.3394934976,0,8.3394934976,0,8.3394934976,0,8.3394934976,0,POS,80
B,1.5,DUC,135,Y,52,6.1793292266,0,6.1793292266,0,6.1793292266,0,6.1793292266,0,6.1793292266,0,POS,81
B,0.5,DUC,134,Y,56,6.1409993155,0,6.1409993155,0,6.1409993155,0,6.1409993155,0,6.1409993155,0,POS,82
B,0.9,MIX,122,Y,74,4.8733744011,0,4.8733744011,0,4.8733744011,0,4.8733744011,0,4.8733744011,0,POS,83
B,2.3,MIX,128,Y,66,8.4928131417,0,8.4928131417,0,8.4928131417,0,8.4928131417,0,8.4928131417,0,POS,84
B,1.5,MIX,124,Y,66,4.7912388775,0,4.7912388775,0,4.7912388775,0,4.7912388775,0,4.7912388775,0,POS,85
B,1.5,DUC,129,Y,72,7.4195756331,0,7.4195756331,0,7.4195756331,0,7.4195756331,0,7.4195756331,0,POS,86
B,3.0,DUC,169,Y,59,8.1368925394,0,8.1368925394,0,8.1368925394,0,8.1368925394,0,8.1368925394,0,POS,87
B,2.0,DUC,142,Y,59,3.7727583847,0,3.7727583847,0,3.7727583847,0,1.9986310746,1,3.7727583847,0,POS,88
B,2.0,MIX,140,Y,60,7.7782340862,0,7.7782340862,0,7.7782340862,0,7.7782340862,0,7.7782340862,0,POS,89
B,0.7,MIX,127,Y,56,7.5975359343,0,7.5975359343,0,7.5975359343,0,7.5975359343,0,7.5975359343,0,POS,90
B,1.5,DUC,126,Y,69,8.090349076,0,8.090349076,0,8.090349076,0,8.090349076,0,8.090349076,0,POS,91
B,1.5,MIX,138,Y,56,6.5927446954,0,6.5927446954,0,6.5927446954,0,6.5927446954,0,5.6700889802,1,POS,92
B,1.5,DUC,152,Y,72,6.9404517454,0,6.9404517454,0,6.9404517454,0,6.9404517454,0,6.9404517454,0,POS,93
B,1.8,DUC,150,Y,73,5.6016427105,0,5.6016427105,0,5.6016427105,0,5.6016427105,0,5.6016427105,0,POS,94
B,2.5,MIX,154,Y,66,8.1095140315,0,8.1095140315,0,8.1095140315,0,8.1095140315,0,8.1095140315,0,NEG,95
B,2.5,DUC,132,Y,72,8.2847364819,0,8.2847364819,0,8.2847364819,0,8.2847364819,0,8.2847364819,0,POS,96
B,2.0,MIX,123,Y,67,7.6112251882,0,7.6112251882,0,7.6112251882,0,7.6112251882,0,7.6112251882,0,POS,97
B,2.5,MUC,135,Y,57,8.1478439425,0,8.1478439425,0,8.1478439425,0,8.1478439425,0,8.1478439425,0,NEG,98
B,0.3,DUC,137,N,74,6.6776180698,0,6.6776180698,0,6.6776180698,0,6.6776180698,0,6.6776180698,0,POS,99
B,0.7,MIX,142,Y,55,7.2087611225,0,7.2087611225,0,7.2087611225,0,7.2087611225,0,7.2087611225,0,POS,100
B,0.5,DUC,127,Y,61,3.5838466804,0,3.5838466804,0,3.5838466804,0,3.5838466804,0,3.5838466804,0,POS,101
B,2.5,DUC,137,Y,62,6.7077344285,0,6.7077344285,0,6.7077344285,0,6.7077344285,0,6.7077344285,0,POS,102
B,4.0,MIX,128,N,88,3.9890485969,1,3.9890485969,0,3.9890485969,0,2.0150581793,1,3.9890485969,0,NEG,103
B,1.5,MIX,128,Y,58,8.1861738535,0,8.1861738535,0,8.1861738535,0,8.1861738535,0,8.1861738535,0,POS,104
B,2.5,DUC,131,Y,71,5.826146475,0,5.826146475,0,5.826146475,0,5.826146475,0,5.826146475,0,POS,105
B,2.0,DUC,117,Y,54,7.8247775496,0,6.3326488706,1,7.8247775496,0,7.6878850103,1,7.8247775496,0,POS,106
B,0.4,MIX,137,Y,61,8.1587953457,0,8.1587953457,0,8.1587953457,0,8.1587953457,0,8.1587953457,0,POS,107
B,1.4,DUC,132,Y,60,7.8056125941,0,7.8056125941,0,7.8056125941,0,7.8056125941,0,7.8056125941,0,POS,108
B,1.0,MIX,138,N,65,7.5290896646,0,7.5290896646,0,7.5290896646,0,7.5290896646,0,7.5290896646,0,POS,109
B,1.5,DUC,149,Y,77,7.8220396988,0,7.8220396988,0,7.8220396988,0,7.8220396988,0,7.8220396988,0,POS,110
B,1.0,OTH,129,Y,71,3.871321013,0,3.871321013,0,3.871321013,0,3.871321013,0,3.871321013,0,POS,111
B,2.5,DUC,130,Y,69,4.3175906913,1,4.3175906913,0,4.3175906913,0,4.3175906913,0,4.2929500342,1,POS,112
B,1.2,MIX,131,Y,52,5.2457221081,0,5.2457221081,0,5.2457221081,0,5.2457221081,0,5.2457221081,0,POS,113
B,3.0,MIX,149,Y,52,7.9041752225,0,7.9041752225,0,7.9041752225,0,7.9041752225,0,4.0657084189,1,POS,114
B,1.5,MIX,129,N,68,4.4216290212,0,4.4216290212,0,4.4216290212,0,4.4216290212,0,4.4216290212,0,NEG,115
B,2.2,MIX,136,Y,52,7.9370294319,0,7.9370294319,0,7.9370294319,0,7.9370294319,0,7.9370294319,0,POS,116
B,1.2,MIX,150,Y,76,7.5865845311,0,7.5865845311,0,7.5865845311,0,7.5865845311,0,7.5865845311,0,POS,117
B,2.0,DUC,142,Y,62,7.3812457221,0,7.3812457221,0,7.3812457221,0,7.3812457221,0,7.3812457221,0,POS,118
B,1.2,DUC,115,Y,69,7.4387405886,0,7.4387405886,0,7.4387405886,0,7.4387405886,0,7.4387405886,0,POS,119
B,4.0,MUC,124,Y,75,5.7385352498,0,5.7385352498,0,5.7385352498,0,5.7385352498,0,5.7385352498,0,POS,120
B,2.0,DUC,143,Y,71,6.7460643395,0,6.7460643395,0,6.7460643395,0,6.7460643395,0,6.7460643395,0,POS,121
B,1.4,DUC,129,Y,70,4.5585215606,0,4.5585215606,0,4.5585215606,0,4.5585215606,0,4.5585215606,0,POS,122
B,1.0,MIX,134,Y,58,7.1704312115,0,7.1704312115,0,7.1704312115,0,7.1704312115,0,7.1704312115,0,POS,123
B,2.5,DUC,112,Y,77,3.3730321697,0,3.3730321697,0,3.3730321697,0,3.3730321697,0,3.3730321697,0,POS,124
B,2.0,MIX,132,Y,86,6.0698151951,0,6.0698151951,0,6.0698151951,0,5.7823408624,1,6.0698151951,0,POS,125
B,1.3,DUC,126,N,77,7.0828199863,0,7.0828199863,0,7.0828199863,0,7.0828199863,0,7.0828199863,0,POS,126
B,1.2,DUC,133,N,78,3.2388774812,1,3.2388774812,0,3.2388774812,0,1.8973305955,1,3.2388774812,0,POS,127
B,0.9,DUC,134,N,73,7.1047227926,0,7.1047227926,0,7.1047227926,0,7.1047227926,0,7.1047227926,0,POS,128
B,1.2,MIX,128,Y,50,7.0280629706,0,7.0280629706,0,7.0280629706,0,7.0280629706,0,7.0280629706,0,POS,129
B,1.2,DUC,132,N,73,7.266255989,0,7.266255989,0,7.266255989,0,7.266255989,0,7.266255989,0,POS,130
B,1.5,DUC,138,Y,69,6.4421629021,0,6.4421629021,0,6.4421629021,0,6.4421629021,0,2.5352498289,1,POS,131
B,1.2,MIX,122,N,76,7.2854209446,0,7.2854209446,0,7.2854209446,0,7.2854209446,0,7.2854209446,0,POS,132
B,1.3,MIX,138,Y,63,7.2306639288,0,7.2306639288,0,7.2306639288,0,7.2306639288,0,6.9952087611,1,POS,133
B,0.6,MIX,135,Y,55,6.9733059548,0,6.9733059548,0,6.9733059548,0,6.9733059548,0,2.7980835044,1,POS,134
B,2.0,DUC,136,Y,71,1.8945927447,1,1.8945927447,0,1.8945927447,0,1.6837782341,1,1.8945927447,0,NEG,135
B,1.8,DUC,129,Y,64,1.2758384668,0,1.2758384668,0,1.2758384668,0,1.2758384668,0,1.2758384668,0,POS,136
B,1.8,DUC,137,N,77,6.5516769336,0,6.5516769336,0,6.5516769336,0,6.5516769336,0,6.5516769336,0,NEG,137
B,1.2,MIX,100,N,81,1.6344969199,1,1.6344969199,0,1.6344969199,0,1.1498973306,1,1.6344969199,0,POS,138
B,2.5,DUC,132,N,67,6.4120465435,0,6.4120465435,0,6.4120465435,0,6.4120465435,0,6.4120465435,0,POS,139
B,1.5,DUC,129,Y,62,6.0041067762,0,6.0041067762,0,6.0041067762,0,6.0041067762,0,6.0041067762,0,POS,140
B,1.5,DUC,140,Y,75,5.0321697467,0,5.0321697467,0,5.0321697467,0,5.0321697467,0,5.0321697467,0,POS,141
B,2.0,DUC,136,Y,56,3.5674195756,0,3.5674195756,0,3.5674195756,0,3.5674195756,0,3.5674195756,0,POS,142
B,3.0,DUC,125,Y,72,7.112936345,0,7.112936345,0,7.112936345,0,7.112936345,0,7.112936345,0,POS,143
B,1.4,MIX,145,Y,75,6.674880219,0,6.674880219,0,6.674880219,0,6.674880219,0,6.674880219,0,POS,144
B,1.0,DUC,140,Y,52,7.0171115674,0,7.0171115674,0,7.0171115674,0,7.0171115674,0,7.0171115674,0,POS,145
B,2.0,DUC,139,Y,85,6.6529774127,1,6.6529774127,0,6.6529774127,0,6.6529774127,0,6.6529774127,0,POS,146
B,0.7,DUC,135,Y,53,7.0554414784,0,7.0554414784,0,7.0554414784,0,7.0554414784,0,7.0554414784,0,POS,147
B,2.0,DUC,140,Y,74,5.8726899384,1,5.8726899384,0,5.8726899384,0,5.8726899384,0,5.8726899384,0,POS,148
B,0.8,MIX,134,Y,52,7.1731690623,0,7.1731690623,0,7.1731690623,0,7.1731690623,0,6.1245722108,1,POS,149
B,1.5,DUC,139,N,74,6.0588637919,0,6.0588637919,0,6.0588637919,0,6.0588637919,0,6.0588637919,0,POS,150
B,3.0,DUC,134,Y,69,6.7816563997,0,6.7816563997,0,6.7816563997,0,6.7816563997,0,6.7816563997,0,POS,151
B,1.2,MIX,143,Y,78,6.3490759754,1,6.3490759754,0,6.3490759754,0,6.3490759754,0,6.3490759754,0,POS,152
B,2.4,DUC,142,Y,54,6.7296372348,0,6.7296372348,0,6.7296372348,0,6.7296372348,0,6.7296372348,0,POS,153
B,0.5,MIX,136,Y,53,6.893908282,0,6.893908282,0,6.893908282,0,6.893908282,0,6.893908282,0,POS,154
B,0.9,DUC,144,Y,74,2.5051334702,1,2.5051334702,0,2.5051334702,0,2.5051334702,0,2.3518138261,1,POS,155
B,0.7,MIX,148,Y,70,6.0260095825,0,6.0260095825,0,6.0260095825,0,6.0260095825,0,6.0260095825,0,POS,156
B,1.5,MIX,129,Y,54,6.8610540726,0,6.8610540726,0,6.8610540726,0,6.8610540726,0,6.8610540726,0,POS,157
B,4.0,MIX,142,Y,69,4.9883641342,0,4.9883641342,0,4.9883641342,0,1.7796030116,1,4.9883641342,0,POS,158
B,2.0,DUC,130,Y,64,6.46954141,0,6.46954141,0,6.46954141,0,6.46954141,0,6.46954141,0,POS,159
B,1.5,MIX,126,Y,53,3.7344284736,0,3.7344284736,0,3.7344284736,0,3.7344284736,0,1.0732375086,1,POS,160
B,1.5,DUC,166,N,68,6.3874058864,0,6.3874058864,0,6.3874058864,0,6.3874058864,0,6.3874058864,0,POS,161
B,1.5,MIX,128,Y,56,6.0780287474,0,6.0780287474,0,6.0780287474,0,6.0780287474,0,6.0780287474,0,POS,162
B,0.7,MIX,145,Y,73,5.7221081451,0,5.7221081451,0,5.7221081451,0,5.7221081451,0,5.7221081451,0,POS,163
B,1.0,MIX,143,N,69,6.0041067762,0,6.0041067762,0,6.0041067762,0,6.0041067762,0,6.0041067762,0,POS,164
B,1.5,MIX,145,Y,60,5.9986310746,0,5.9986310746,0,5.9986310746,0,5.9986310746,0,5.273100616,1,POS,165
B,0.4,MIX,119,Y,73,6.0780287474,0,6.0780287474,0,6.0780287474,0,6.0780287474,0,6.0780287474,0,POS,166
B,1.0,MIX,128,Y,80,2.7049965777,0,2.7049965777,0,2.7049965777,0,2.7049965777,0,2.7049965777,0,POS,167
B,1.5,MIX,137,Y,53,6.0862422998,0,6.0862422998,0,6.0862422998,0,6.0862422998,0,6.0862422998,0,NEG,168
B,0.8,MUC,111,Y,73,3.1156741958,0,3.1156741958,0,3.1156741958,0,3.1156741958,0,3.1156741958,0,POS,169
B,0.8,DUC,134,Y,52,5.9657768652,0,5.9657768652,0,5.9657768652,0,5.9657768652,0,5.9657768652,0,POS,170
B,2.0,MIX,131,Y,73,6.6009582478,0,6.6009582478,0,6.6009582478,0,6.6009582478,0,6.6009582478,0,POS,171
B,2.5,DUC,156,N,74,5.9904175222,0,5.9904175222,0,5.9904175222,0,5.9904175222,0,5.9904175222,0,POS,172
B,1.5,DUC,142,Y,57,6.1820670773,0,6.1820670773,0,6.1820670773,0,6.1820670773,0,6.1820670773,0,POS,173
B,1.5,DUC,155,Y,53,4.180698152,0,4.180698152,0,4.180698152,0,4.180698152,0,4.180698152,0,POS,174
B,2.4,MIX,126,Y,66,5.3963039014,0,5.3963039014,0,5.3963039014,0,5.3963039014,0,5.3963039014,0,POS,175
B,2.0,LOB,124,Y,67,6.559890486,0,6.559890486,0,6.559890486,0,6.559890486,0,6.559890486,0,POS,176
B,1.3,DUC,138,Y,66,6.5352498289,0,6.5352498289,0,6.5352498289,0,6.5352498289,0,6.5352498289,0,NEG,177
B,2.0,DUC,129,Y,67,6.2149212868,0,6.2149212868,0,6.2149212868,0,6.2149212868,0,6.2149212868,0,POS,178
B,1.6,DUC,140,Y,78,3.7234770705,0,3.7234770705,0,3.7234770705,0,3.7234770705,0,3.7234770705,0,POS,179
B,4.5,LOB,117,N,71,2.9760438056,1,2.9760438056,0,2.9760438056,0,2.8692676249,1,1.1362080767,1,POS,180
B,2.2,DUC,136,Y,65,5.1033538672,0,5.1033538672,0,5.1033538672,0,5.1033538672,0,5.1033538672,0,NEG,181
B,2.5,DUC,132,Y,70,6.6173853525,0,6.6173853525,0,6.6173853525,0,6.6173853525,0,6.6173853525,0,POS,182
B,1.8,DUC,127,N,80,5.8973305955,0,5.8973305955,0,5.8973305955,0,5.8973305955,0,5.8973305955,0,NEG,183
B,1.7,DUC,124,Y,57,6.4613278576,0,6.4613278576,0,6.4613278576,0,6.4613278576,0,6.4613278576,0,POS,184
B,0.5,DUC,130,N,66,6.5188227242,0,6.5188227242,0,6.5188227242,0,6.5188227242,0,6.5188227242,0,POS,185
B,2.0,MIX,115,Y,73,6.4038329911,0,6.4038329911,0,6.4038329911,0,6.4038329911,0,6.4038329911,0,POS,186
B,1.0,DUC,139,Y,65,5.8316221766,0,5.8316221766,0,5.8316221766,0,5.8316221766,0,5.8316221766,0,POS,187
B,2.3,LOB,126,Y,54,4.9199178645,0,4.9199178645,0,4.9199178645,0,4.9199178645,0,4.9199178645,0,POS,188
B,1.4,DUC,144,Y,64,6.1957563313,0,6.1957563313,0,6.1957563313,0,6.1957563313,0,6.1957563313,0,POS,189
B,1.1,DUC,133,Y,64,6.0260095825,0,6.0260095825,0,6.0260095825,0,6.0260095825,0,6.0260095825,0,POS,190
B,3.0,DUC,140,Y,79,6.0260095825,0,6.0260095825,0,6.0260095825,0,6.0260095825,0,6.0260095825,0,POS,191
B,1.0,MIX,135,N,70,5.5414099932,0,5.5414099932,0,5.5414099932,0,5.5414099932,0,5.5414099932,0,POS,192
B,2.4,LOB,142,Y,73,5.53045859,0,5.53045859,0,5.53045859,0,5.53045859,0,5.53045859,0,POS,193
B,1.5,DUC,108,Y,62,5.8316221766,0,5.8316221766,0,5.8316221766,0,5.8316221766,0,5.8316221766,0,POS,194
B,2.0,DUC,128,Y,62,6.2532511978,0,6.2532511978,0,6.2532511978,0,6.2532511978,0,6.2532511978,0,POS,195
B,0.7,DUC,135,N,80,5.3716632444,0,5.3716632444,0,5.3716632444,0,5.3716632444,0,0.9226557153,1,POS,196
B,2.0,MIX,128,N,67,6.3463381246,0,6.3463381246,0,6.3463381246,0,6.3463381246,0,6.3463381246,0,POS,197
B,2.5,LOB,132,Y,67,5.4729637235,0,5.4729637235,0,5.4729637235,0,5.4729637235,0,5.4729637235,0,POS,198
B,1.0,MIX,135,Y,72,6.006844627,0,6.006844627,0,6.006844627,0,6.006844627,0,6.006844627,0,POS,199
B,1.3,DUC,143,Y,70,5.6783025325,0,5.6783025325,0,5.6783025325,0,5.6783025325,0,5.6783025325,0,POS,200
B,2.0,MIX,128,N,80,4.7392197125,0,4.7392197125,0,4.7392197125,0,4.7392197125,0,4.7392197125,0,NEG,201
B,0.5,MIX,132,Y,67,5.6865160849,0,5.6865160849,0,5.6865160849,0,5.6865160849,0,5.6865160849,0,POS,202
B,2.0,MIX,129,Y,66,5.8124572211,0,5.8124572211,0,5.8124572211,0,5.8124572211,0,5.8124572211,0,NEG,203
B,1.5,MIX,121,N,73,2.2532511978,1,2.2532511978,0,2.2532511978,0,2.2532511978,0,2.2532511978,0,POS,204
B,1.5,DUC,145,Y,61,6.160164271,0,6.160164271,0,6.160164271,0,6.160164271,0,6.160164271,0,POS,205
B,1.0,MIX,142,Y,54,5.5989048597,0,5.5989048597,0,5.5989048597,0,5.5989048597,0,5.5989048597,0,POS,206
B,3.5,MED,140,Y,63,6.0807665982,0,6.0807665982,0,6.0807665982,0,6.0807665982,0,6.0807665982,0,POS,207
B,2.1,DUC,156,N,76,2.1683778234,0,2.1683778234,0,2.1683778234,0,2.1656399726,1,2.1683778234,0,POS,208
B,1.5,MIX,139,N,76,5.0020533881,0,5.0020533881,0,5.0020533881,0,5.0020533881,0,5.0020533881,0,POS,209
B,1.1,MIX,149,Y,50,6.0177960301,0,6.0177960301,0,6.0177960301,0,6.0177960301,0,6.0177960301,0,POS,210
B,1.7,DUC,116,Y,66,2.8802190281,0,2.8802190281,0,2.8802190281,0,2.8802190281,0,2.8802190281,0,POS,211
B,1.5,MIX,128,Y,73,4.7145790554,0,4.7145790554,0,4.7145790554,0,4.7145790554,0,4.7145790554,0,POS,212
B,2.5,MIX,147,Y,67,3.4880219028,0,3.4880219028,0,3.4880219028,0,3.4880219028,0,3.4880219028,0,POS,213
B,0.7,MIX,127,Y,58,5.3360711841,0,5.3360711841,0,5.3360711841,0,5.3360711841,0,5.3360711841,0,POS,214
B,1.8,DUC,115,Y,53,0.8076659822,1,0.8076659822,0,0.8076659822,0,0.8076659822,0,0.8076659822,0,POS,215
B,3.0,DUC,138,Y,63,5.1991786448,0,5.1991786448,0,5.1991786448,0,5.1991786448,0,5.1991786448,0,POS,216
B,0.9,DUC,143,Y,65,5.1882272416,0,5.1882272416,0,5.1882272416,0,5.1882272416,0,5.1882272416,0,POS,217
B,1.3,MUC,128,Y,51,5.9356605065,0,5.9356605065,0,5.9356605065,0,5.9356605065,0,4.3449691992,1,POS,218
B,0.8,DUC,130,Y,72,1.5222450376,0,1.5222450376,0,1.5222450376,0,1.5222450376,0,1.5222450376,0,POS,219
B,1.5,DUC,150,Y,67,4.8925393566,0,4.8925393566,0,4.8925393566,0,4.8925393566,0,4.8925393566,0,NEG,220
B,1.4,DUC,148,Y,50,4.9883641342,0,4.9883641342,0,4.9883641342,0,4.9883641342,0,4.9883641342,0,POS,221
B,0.8,MIX,139,Y,81,5.4647501711,0,5.4647501711,0,5.4647501711,0,5.4647501711,0,5.4647501711,0,POS,222
B,0.5,DUC,118,Y,65,2.0561259411,0,2.0561259411,0,2.0561259411,0,2.0561259411,0,2.0561259411,0,NEG,223
B,2.0,DUC,141,N,70,5.1718001369,0,5.1718001369,0,5.1718001369,0,5.1718001369,0,2.2422997947,1,POS,224
B,4.0,DUC,127,Y,56,2.1875427789,0,2.1875427789,0,2.1875427789,0,2.1875427789,0,2.1875427789,0,POS,225
B,0.9,DUC,150,Y,53,4.8158795346,0,4.8158795346,0,4.8158795346,0,4.8158795346,0,4.8158795346,0,POS,226
B,1.0,DUC,140,Y,75,1.5961670089,1,1.5961670089,0,1.5961670089,0,1.5961670089,1,1.5961670089,0,POS,227
B,0.8,DUC,131,Y,63,5.7138945927,0,5.7138945927,0,5.7138945927,0,5.7138945927,0,5.7138945927,0,POS,228
B,0.7,MIX,142,N,70,5.106091718,0,5.106091718,0,5.106091718,0,5.106091718,0,5.106091718,0,POS,229
B,1.1,DUC,124,Y,54,5.2922655715,0,5.2922655715,0,5.2922655715,0,5.2922655715,0,5.2922655715,0,POS,230
B,1.5,OTH,116,Y,69,4.9828884326,0,4.9828884326,0,4.9828884326,0,4.9828884326,0,4.9828884326,0,POS,231
B,1.0,MUC,144,Y,65,5.4264202601,0,5.4264202601,0,5.4264202601,0,5.4264202601,0,5.4264202601,0,POS,232
B,0.8,DUC,138,N,67,5.6180698152,0,5.6180698152,0,5.6180698152,0,5.6180698152,0,5.6180698152,0,POS,233
B,2.0,DUC,141,Y,62,5.8097193703,0,5.8097193703,0,5.8097193703,0,5.8097193703,0,5.8097193703,0,POS,234
B,0.7,MIX,136,N,72,5.1526351814,0,5.1526351814,0,5.1526351814,0,5.1526351814,0,5.1526351814,0,POS,235
B,1.1,MIX,158,Y,71,5.3086926762,0,5.3086926762,0,5.3086926762,0,5.3086926762,0,5.3086926762,0,POS,236
B,1.0,MIX,146,Y,53,5.6153319644,0,5.6153319644,0,5.6153319644,0,5.6153319644,0,5.6153319644,0,POS,237
B,3.0,DUC,139,Y,63,2.8090349076,0,2.8090349076,0,2.8090349076,0,2.8090349076,0,2.8090349076,0,POS,238
B,0.5,DUC,155,Y,63,5.6700889802,0,5.6700889802,0,5.6700889802,0,5.6700889802,0,5.6700889802,0,POS,239
B,0.7,LOB,145,Y,76,5.5058179329,0,5.5058179329,0,5.5058179329,0,5.5058179329,0,0.4599589322,1,POS,240
B,2.3,DUC,145,N,75,4.8268309377,0,4.8268309377,0,4.8268309377,0,4.8268309377,0,4.8268309377,0,POS,241
B,1.5,DUC,147,N,74,4.0465434634,0,4.0465434634,0,4.0465434634,0,4.0465434634,0,4.0465434634,0,POS,242
B,1.5,LOB,144,Y,70,1.9493497604,0,1.9493497604,0,1.9493497604,0,1.9493497604,0,1.9493497604,0,NEG,243
B,1.0,MIX,140,N,74,5.1991786448,0,5.1991786448,0,5.1991786448,0,5.1991786448,0,5.1991786448,0,POS,244
B,0.5,DUC,105,Y,54,4.7310061602,0,4.7310061602,0,4.7310061602,0,4.7310061602,0,4.7310061602,0,POS,245
B,1.0,DUC,138,Y,52,4.2436687201,0,4.2436687201,0,4.2436687201,0,4.2436687201,0,4.2436687201,0,POS,246
B,1.2,DUC,146,Y,70,4.7063655031,0,4.7063655031,0,4.7063655031,0,4.7063655031,0,2.7049965777,1,POS,247
B,1.5,MIX,132,Y,55,2.3846680356,0,2.3846680356,0,2.3846680356,0,2.3846680356,0,2.3846680356,0,POS,248
B,0.7,DUC,122,Y,61,1.8672142368,0,1.8672142368,0,1.8672142368,0,1.8672142368,0,1.8672142368,0,POS,249
B,1.5,MIX,143,Y,54,4.5968514716,0,4.5968514716,0,4.5968514716,0,4.5968514716,0,4.5968514716,0,POS,250
B,1.3,DUC,135,Y,61,4.4517453799,0,4.4517453799,0,4.4517453799,0,4.4517453799,0,4.4517453799,0,POS,251
B,0.8,MIX,143,Y,60,0.3504449008,0,0.3504449008,0,0.3504449008,0,0.3504449008,0,0.3504449008,0,POS,252
B,1.0,DUC,150,Y,57,4.9719370294,0,4.9719370294,0,4.9719370294,0,4.9719370294,0,4.9719370294,0,POS,253
B,1.8,DUC,148,Y,72,1.2320328542,1,1.2320328542,0,1.2320328542,0,1.2320328542,0,0.3668720055,1,POS,254
B,1.5,DUC,124,Y,63,5.3826146475,0,5.3826146475,0,5.3826146475,0,5.3826146475,0,5.3826146475,0,POS,255
B,1.7,MIX,125,N,73,4.9527720739,0,4.9527720739,0,4.9527720739,0,4.9527720739,0,4.9527720739,0,POS,256
B,2.0,MIX,149,Y,72,0.4818617385,0,0.4818617385,0,0.4818617385,0,0.4818617385,0,0.4818617385,0,POS,257
B,0.5,DUC,133,Y,75,2.5188227242,0,2.5188227242,0,2.5188227242,0,2.5188227242,0,2.5188227242,0,POS,258
B,0.6,DUC,137,N,77,1.6344969199,0,1.6344969199,0,1.6344969199,0,1.6344969199,0,1.6344969199,0,POS,259
B,1.8,DUC,125,Y,74,5.0047912389,0,5.0047912389,0,5.0047912389,0,5.0047912389,0,5.0047912389,0,POS,260
B,0.9,DUC,122,N,71,4.8624229979,0,4.8624229979,0,4.8624229979,0,4.8624229979,0,4.8624229979,0,POS,261
B,3.0,DUC,135,Y,71,4.9719370294,0,4.9719370294,0,4.9719370294,0,4.9719370294,0,4.9719370294,0,POS,262
B,0.6,DUC,116,Y,51,4.2874743326,0,4.2874743326,0,4.2874743326,0,4.2874743326,0,4.2874743326,0,POS,263
B,1.0,DUC,143,Y,70,5.2019164956,0,5.2019164956,0,5.2019164956,0,5.2019164956,0,5.2019164956,0,NEG,264
B,1.4,DUC,145,Y,73,1.8809034908,0,1.8809034908,0,1.8809034908,0,1.8809034908,0,1.8809034908,0,POS,265
B,1.0,DUC,127,Y,50,2.7296372348,0,2.7296372348,0,2.7296372348,0,2.7296372348,0,2.7296372348,0,POS,266
B,1.5,MIX,151,Y,75,4.038329911,0,4.038329911,0,4.038329911,0,4.038329911,0,4.038329911,0,POS,267
B,1.5,DUC,124,Y,69,4.34770705,0,4.34770705,0,4.34770705,0,4.34770705,0,4.34770705,0,POS,268
B,1.3,MIX,146,Y,56,4.3915126626,0,4.3915126626,0,4.3915126626,0,4.3915126626,0,4.3915126626,0,POS,269
B,2.4,DUC,126,Y,77,4.5667351129,0,4.5667351129,0,4.5667351129,0,4.5667351129,0,4.5667351129,0,POS,270
B,1.2,DUC,140,N,78,1.9110198494,0,1.9110198494,0,1.9110198494,0,1.9110198494,0,1.9110198494,0,POS,271
B,1.5,DUC,127,Y,68,3.4442162902,0,3.4442162902,0,3.4442162902,0,3.4442162902,0,3.4442162902,0,POS,272
B,0.8,DUC,145,Y,58,4.3093771389,0,4.3093771389,0,4.3093771389,0,4.3093771389,0,4.3093771389,0,POS,273
B,2.0,DUC,136,Y,74,2.9650924025,0,2.9650924025,0,2.9650924025,0,2.9650924025,0,2.9650924025,0,POS,274
B,1.0,DUC,142,Y,53,4.1451060917,0,4.1451060917,0,4.1451060917,0,4.1451060917,0,4.1451060917,0,POS,275
B,0.5,MIX,148,Y,59,3.5400410678,0,3.5400410678,0,3.5400410678,0,3.5400410678,0,3.5400410678,0,POS,276
B,0.5,DUC,144,Y,74,4.4928131417,0,4.4928131417,0,4.4928131417,0,4.4928131417,0,4.4928131417,0,POS,277
B,1.0,MIX,150,Y,60,2.9869952088,0,2.9869952088,0,2.9869952088,0,2.9869952088,0,2.264202601,1,POS,278
B,1.0,DUC,145,Y,78,4.5284052019,0,4.5284052019,0,4.5284052019,0,4.5284052019,0,4.5284052019,0,POS,279
B,2.0,MIX,142,Y,68,4.6844626968,0,4.6844626968,0,4.6844626968,0,4.6844626968,0,4.6844626968,0,POS,280
B,1.8,DUC,130,Y,72,4.7255304586,0,4.7255304586,0,4.7255304586,0,4.7255304586,0,3.5893223819,1,POS,281
B,3.0,MIX,134,Y,61,4.4681724846,0,4.4681724846,0,4.4681724846,0,4.4681724846,0,4.4681724846,0,POS,282
B,1.4,DUC,147,Y,58,4.3093771389,0,4.3093771389,0,4.3093771389,0,4.3093771389,0,4.3093771389,0,POS,283
B,1.5,DUC,141,Y,52,4.205338809,0,4.205338809,0,4.205338809,0,4.205338809,0,4.205338809,0,POS,284
B,3.1,OTH,134,Y,82,2.1163586585,0,1.2238193018,1,2.1163586585,0,2.1163586585,0,2.1163586585,0,NEG,285
B,0.8,DUC,151,N,67,4.2108145106,0,4.2108145106,0,4.2108145106,0,4.2108145106,0,4.2108145106,0,POS,286
B,1.1,MIX,136,Y,51,4.1642710472,0,4.1642710472,0,4.1642710472,0,4.1642710472,0,4.1642710472,0,POS,287
B,3.5,DUC,136,Y,69,4.1095140315,0,4.1095140315,0,4.1095140315,0,4.1095140315,0,4.1095140315,0,POS,288
B,0.7,DUC,123,Y,77,4.2026009582,0,4.2026009582,0,4.2026009582,0,4.2026009582,0,4.2026009582,0,POS,289
B,1.5,MIX,138,Y,69,4.476386037,0,4.476386037,0,4.476386037,0,4.476386037,0,4.476386037,0,POS,290
B,0.8,DUC,134,Y,74,4.6954140999,0,4.6954140999,0,4.6954140999,0,4.6954140999,0,4.6954140999,0,POS,291
B,2.3,DUC,144,Y,68,4.5612594114,0,4.5612594114,0,4.5612594114,0,4.5612594114,0,4.5612594114,0,POS,292
B,2.0,DUC,138,N,78,3.8932238193,0,3.8932238193,0,3.8932238193,0,3.8932238193,0,3.8932238193,0,POS,293
B,1.9,MIX,129,Y,57,4.0246406571,0,4.0246406571,0,4.0246406571,0,4.0246406571,0,4.0246406571,0,POS,294
B,0.8,DUC,136,Y,77,4.2436687201,0,4.2436687201,0,4.2436687201,0,4.2436687201,0,4.2436687201,0,POS,295
B,2.2,OTH,112,Y,53,4.4134154689,0,4.4134154689,0,4.4134154689,0,4.4134154689,0,4.4134154689,0,POS,296
B,1.6,MUC,129,Y,72,2.0506502396,0,2.0506502396,0,2.0506502396,0,2.0506502396,0,2.0506502396,0,POS,297
B,1.0,DUC,149,Y,53,4.3394934976,0,4.3394934976,0,4.3394934976,0,4.3394934976,0,4.3394934976,0,POS,298
B,1.2,MUC,124,Y,74,3.8220396988,0,3.8220396988,0,3.8220396988,0,3.8220396988,0,3.8220396988,0,POS,299
B,0.8,DUC,137,Y,54,3.4606433949,0,3.4606433949,0,3.4606433949,0,3.4606433949,0,3.4606433949,0,POS,300
B,2.5,MIX,127,N,76,0.6652977413,1,0.6652977413,0,0.6652977413,0,0.6652977413,0,0.605065024,1,POS,301
B,0.9,DUC,139,Y,76,3.6960985626,0,3.6960985626,0,3.6960985626,0,3.6960985626,0,3.6960985626,0,POS,302
B,1.1,DUC,134,N,71,4.2272416153,0,4.2272416153,0,4.2272416153,0,4.2272416153,0,4.2272416153,0,POS,303
B,1.0,DUC,132,Y,75,2.4531143053,0,2.4531143053,0,2.4531143053,0,2.4531143053,0,2.4531143053,0,POS,304
B,2.0,DUC,139,Y,81,3.2306639288,0,3.2306639288,0,3.2306639288,0,3.2306639288,0,3.2306639288,0,POS,305
B,1.2,MIX,126,Y,76,3.318275154,0,3.318275154,0,3.318275154,0,3.318275154,0,3.318275154,0,POS,306
B,1.2,LOB,145,Y,60,3.8439425051,0,3.8439425051,0,3.8439425051,0,3.8439425051,0,3.8439425051,0,POS,307
B,1.2,DUC,125,N,75,3.3045859001,0,3.3045859001,0,3.3045859001,0,3.3045859001,0,3.3045859001,0,POS,308
B,1.5,DUC,140,Y,53,2.9760438056,0,2.9760438056,0,2.9760438056,0,2.9760438056,0,2.9760438056,0,POS,309
B,1.2,OTH,130,N,75,1.6892539357,0,1.6892539357,0,0.1560574949,1,1.6892539357,0,1.6892539357,0,POS,310
B,0.5,DUC,131,Y,71,3.2772073922,0,3.2772073922,0,3.2772073922,0,3.2772073922,0,3.2772073922,0,POS,311
B,1.5,DUC,136,Y,67,3.2060232717,0,3.2060232717,0,3.2060232717,0,3.2060232717,0,3.2060232717,0,POS,312
B,0.9,MUC,133,Y,75,3.0444900753,0,3.0444900753,0,3.0444900753,0,3.0444900753,0,3.0444900753,0,POS,313
B,0.3,DUC,134,Y,74,2.841889117,0,2.841889117,0,2.841889117,0,2.841889117,0,2.841889117,0,POS,314
B,1.3,MIX,139,Y,69,2.7296372348,0,2.7296372348,0,2.7296372348,0,2.7296372348,0,2.7296372348,0,POS,315
B,1.2,DUC,130,Y,82,2.1081451061,0,2.1081451061,0,2.1081451061,0,2.1081451061,0,2.1081451061,0,POS,316
B,0.8,DUC,139,N,72,2.2614647502,0,2.2614647502,0,2.2614647502,0,2.2614647502,0,2.2614647502,0,POS,317
B,2.2,DUC,133,Y,73,1.9274469541,0,1.9274469541,0,1.9274469541,0,1.9274469541,0,1.9274469541,0,POS,318
B,0.2,DUC,144,N,80,1.9958932238,0,1.9958932238,0,1.9958932238,0,1.9958932238,0,1.9958932238,0,POS,319
B,0.5,DUC,148,N,71,2.5708418891,0,2.5708418891,0,2.5708418891,0,2.5708418891,0,2.5708418891,0,POS,320
T,2.5,LOB,134,Y,72,8.0273785079,0,8.0273785079,0,8.0273785079,0,8.0273785079,0,2.392881588,1,POS,321
T,3.0,DUC,133,Y,70,3.241615332,1,0.9253935661,1,3.241615332,0,3.241615332,0,2.2806297057,1,NEG,322
T,0.8,DUC,135,Y,66,9.2840520192,0,9.2840520192,0,9.2840520192,0,9.2840520192,0,9.2840520192,0,POS,323
T,1.2,DUC,128,Y,56,9.7002053388,0,9.7002053388,0,9.7002053388,0,9.7002053388,0,9.7002053388,0,POS,324
T,0.4,DUC,148,Y,57,9.6755646817,0,9.6755646817,0,9.6755646817,0,9.6755646817,0,9.6755646817,0,POS,325
T,2.0,DUC,140,Y,56,9.6235455168,0,4.7474332649,1,9.6235455168,0,9.6235455168,0,9.6235455168,0,POS,326
T,1.1,DUC,152,Y,65,9.2292950034,0,5.3305954825,1,9.2292950034,0,9.2292950034,0,9.0732375086,1,NEG,327
T,3.0,DUC,154,Y,53,9.1416837782,0,9.1416837782,0,9.1416837782,0,9.1416837782,0,9.1416837782,0,POS,328
T,1.0,DUC,141,Y,66,8.7036276523,0,8.7036276523,0,8.7036276523,0,6.1382614648,1,8.7036276523,0,POS,329
T,1.0,DUC,136,Y,74,4.8706365503,1,4.8706365503,0,4.8706365503,0,4.8706365503,0,4.8706365503,0,POS,330
T,1.3,DUC,110,Y,61,9.620807666,0,9.620807666,0,9.620807666,0,9.620807666,0,7.1594798084,1,POS,331
T,0.8,OTH,132,Y,65,7.0527036277,0,7.0527036277,0,7.0527036277,0,7.0527036277,0,7.0527036277,0,POS,332
T,1.5,DUC,136,Y,82,7.3483915127,0,7.3483915127,0,7.3483915127,0,7.3483915127,0,7.3483915127,0,POS,333
T,0.7,DUC,142,N,69,5.0075290897,0,5.0075290897,0,5.0075290897,0,5.0075290897,0,5.0075290897,0,POS,334
T,1.3,DUC,136,Y,73,6.3463381246,0,6.3463381246,0,6.3463381246,0,6.3463381246,0,6.3463381246,0,POS,335
T,3.5,DUC,149,Y,63,9.0568104038,0,9.0568104038,0,9.0568104038,0,9.0568104038,0,8.4654346338,1,POS,336
T,1.0,DUC,136,Y,65,4.9144421629,0,4.9144421629,0,4.9144421629,0,4.9144421629,0,4.9144421629,0,POS,337
T,4.0,MUC,114,N,71,3.6577686516,1,3.6577686516,0,3.6577686516,0,3.6577686516,0,3.6577686516,0,POS,338
T,0.6,DUC,134,Y,63,8.4736481862,0,8.4736481862,0,8.4736481862,0,8.4736481862,0,4.2327173169,1,POS,339
T,3.0,DUC,141,Y,73,2.5407255305,1,0.2874743326,1,2.5407255305,0,1.4620123203,1,2.5407255305,0,NEG,340
T,1.3,DUC,136,Y,54,2.9158110883,1,0.8432580424,1,2.9158110883,0,1.2210814511,1,2.9158110883,0,POS,341
T,0.6,DUC,137,Y,56,8.0657084189,0,8.0657084189,0,8.0657084189,0,8.0657084189,0,8.0657084189,0,POS,342
T,1.0,OTH,138,Y,64,9.6427104723,0,9.6427104723,0,9.6427104723,0,9.6427104723,0,7.8603696099,1,POS,343
T,2.5,DUC,151,Y,69,9.0650239562,0,9.0650239562,0,9.0650239562,0,9.0650239562,0,9.0650239562,0,POS,344
T,2.0,DUC,152,Y,64,3.5154004107,1,3.5154004107,0,3.5154004107,0,2.8829568789,1,3.5154004107,0,POS,345
T,0.8,DUC,123,Y,56,8.605065024,0,0.4873374401,1,8.605065024,0,8.605065024,0,8.605065024,0,POS,346
T,1.5,DUC,138,Y,58,8.4544832307,0,8.4544832307,0,8.4544832307,0,8.4544832307,0,8.4544832307,0,POS,347
T,1.5,MIX,139,Y,73,9.2210814511,0,9.2210814511,0,9.2210814511,0,9.2210814511,0,9.2210814511,0,POS,348
T,1.3,DUC,149,Y,74,9.3086926762,0,2.598220397,1,5.7960301164,1,7.5975359343,1,9.3086926762,0,POS,349
T,2.0,DUC,149,Y,57,8.977412731,0,7.1567419576,1,8.977412731,0,8.977412731,0,8.977412731,0,POS,350
T,4.5,LOB,137,Y,55,9.2019164956,0,9.2019164956,0,9.2019164956,0,9.2019164956,0,9.2019164956,0,POS,351
T,1.0,DUC,130,Y,51,2.5352498289,1,2.5352498289,0,2.5352498289,0,2.4722792608,1,2.5352498289,0,POS,352
T,1.8,DUC,137,Y,82,8.9199178645,0,8.9199178645,0,8.9199178645,0,8.9199178645,0,1.9192334018,1,POS,353
T,1.2,DUC,127,N,74,8.4928131417,0,7.9972621492,1,8.4928131417,0,8.4928131417,0,8.4928131417,0,POS,354
T,1.9,OTH,131,Y,78,6.288843258,0,6.288843258,0,6.288843258,0,6.288843258,0,6.288843258,0,POS,355
T,1.2,DUC,135,Y,65,8.5475701574,0,8.5475701574,0,8.5475701574,0,8.5475701574,0,8.5475701574,0,POS,356
T,2.0,MED,123,Y,73,5.749486653,0,5.749486653,0,5.749486653,0,5.749486653,0,5.749486653,0,NEG,357
T,2.0,DUC,132,Y,70,8.9746748802,0,8.9746748802,0,8.9746748802,0,8.9746748802,0,8.9746748802,0,POS,358
T,4.0,DUC,136,Y,81,9.2785763176,0,9.2785763176,0,9.2785763176,0,9.2785763176,0,1.7577002053,1,POS,359
T,1.0,DUC,142,Y,53,7.9507186858,0,7.9507186858,0,7.9507186858,0,7.9507186858,0,7.9507186858,0,POS,360
T,0.3,LOB,147,N,74,7.3319644079,1,5.1800136893,1,7.3319644079,0,7.1184120465,1,7.3319644079,0,POS,361
T,1.4,DUC,140,Y,65,9.2101300479,0,9.2101300479,0,9.2101300479,0,9.2101300479,0,9.2101300479,0,POS,362
T,1.7,DUC,132,Y,52,8.7857631759,0,7.3620807666,1,8.7857631759,0,7.5181382615,1,8.7857631759,0,POS,363
T,0.6,OTH,137,Y,69,8.4353182752,0,8.4353182752,0,8.4353182752,0,8.4353182752,0,8.4353182752,0,POS,364
T,1.8,DUC,152,Y,62,8.720054757,0,2.726899384,1,8.720054757,0,8.720054757,0,8.720054757,0,POS,365
T,3.0,DUC,147,Y,52,6.1464750171,0,6.1464750171,0,6.1464750171,0,6.1464750171,0,6.1464750171,0,POS,366
T,0.5,DUC,142,Y,60,8.7501711157,0,8.7501711157,0,8.7501711157,0,8.7501711157,0,8.7501711157,0,POS,367
T,1.0,DUC,124,Y,82,2.1683778234,0,2.1683778234,0,2.1683778234,0,2.1683778234,0,2.1683778234,0,POS,368
T,1.2,DUC,125,Y,74,8.9664613279,0,8.9664613279,0,8.9664613279,0,8.9664613279,0,8.9664613279,0,POS,369
T,1.5,DUC,116,Y,77,5.749486653,0,2.8199863107,1,5.749486653,0,5.749486653,0,5.3661875428,1,POS,370
T,1.5,MIX,133,Y,51,8.59137577,0,2.431211499,1,8.59137577,0,8.59137577,0,8.59137577,0,POS,371
T,0.8,DUC,147,Y,71,6.9075975359,0,6.9075975359,0,6.9075975359,0,6.9075975359,0,6.9075975359,0,POS,372
T,2.0,DUC,133,Y,81,5.4209445585,0,5.4209445585,0,5.4209445585,0,5.4209445585,0,5.4209445585,0,POS,373
T,2.0,MIX,129,Y,75,4.5667351129,0,4.5667351129,0,4.5667351129,0,4.5667351129,0,4.5667351129,0,NEG,374
T,1.5,MIX,119,Y,52,9.0321697467,0,9.0321697467,0,9.0321697467,0,9.0321697467,0,9.0321697467,0,POS,375
T,1.2,DUC,139,Y,71,4.3887748118,0,4.3887748118,0,4.3887748118,0,4.3887748118,0,4.3887748118,0,POS,376
T,2.5,MIX,148,Y,52,5.1772758385,1,5.1772758385,0,5.1772758385,0,4.8678986995,1,1.1663244353,1,POS,377
T,2.0,MIX,153,Y,61,8.1697467488,0,8.1697467488,0,8.1697467488,0,8.1697467488,0,8.1697467488,0,POS,378
T,0.7,DUC,137,N,75,7.7618069815,0,7.7618069815,0,7.7618069815,0,7.7618069815,0,7.7618069815,0,POS,379
T,3.0,MIX,143,Y,53,8.6516084873,0,7.2251882272,1,8.6516084873,0,8.6516084873,0,8.6516084873,0,POS,380
T,1.4,MIX,105,N,74,5.9383983573,0,5.9383983573,0,5.9383983573,0,5.9383983573,0,5.9383983573,0,POS,381
T,0.8,DUC,127,Y,52,8.5585215606,0,8.5585215606,0,8.5585215606,0,8.5585215606,0,8.5585215606,0,POS,382
T,0.8,DUC,139,Y,53,4.8542094456,0,4.8542094456,0,4.8542094456,0,4.8542094456,0,4.8542094456,0,POS,383
T,0.8,MUC,133,Y,58,8.3394934976,0,7.5701574264,1,8.3394934976,0,8.3394934976,0,8.3394934976,0,POS,384
T,1.2,DUC,144,Y,61,5.9794661191,0,5.9794661191,0,5.9794661191,0,5.9794661191,0,5.9794661191,0,POS,385
T,0.9,DUC,125,N,62,7.8275154004,0,7.8275154004,0,7.8275154004,0,7.8275154004,0,7.8275154004,0,POS,386
T,1.2,DUC,132,Y,72,4.8186173854,0,4.8186173854,0,4.8186173854,0,4.8186173854,0,4.8186173854,0,POS,387
T,2.0,DUC,131,Y,70,5.787816564,0,5.787816564,0,5.787816564,0,5.787816564,0,5.787816564,0,POS,388
T,0.7,DUC,155,Y,70,8.8432580424,0,8.8432580424,0,8.8432580424,0,8.8432580424,0,8.8432580424,0,POS,389
T,0.9,DUC,150,Y,79,6.8309377139,0,6.8309377139,0,6.8309377139,0,6.8309377139,0,6.8309377139,0,POS,390
T,0.5,MIX,150,Y,56,8.4435318275,0,4.3696098563,1,8.4435318275,0,8.4435318275,0,5.3935660507,1,POS,391
T,2.0,DUC,128,N,74,7.0882956879,0,7.0882956879,0,7.0882956879,0,7.0882956879,0,6.3956194387,1,POS,392
T,0.5,MIX,125,Y,62,8.1916495551,0,8.1916495551,0,8.1916495551,0,8.1916495551,0,8.1916495551,0,POS,393
T,1.0,MIX,136,N,68,6.9240246407,0,6.9240246407,0,6.9240246407,0,6.9240246407,0,6.9240246407,0,POS,394
T,4.0,MIX,139,Y,66,2.006844627,1,0.3997262149,1,2.006844627,0,0.6324435318,1,2.006844627,0,POS,395
T,3.0,DUC,124,Y,55,3.5208761123,0,1.4592744695,1,3.5208761123,0,3.5208761123,1,3.5208761123,0,NEG,396
T,0.2,DUC,140,N,65,5.9520876112,0,5.9520876112,0,5.9520876112,0,5.9520876112,0,5.9520876112,0,POS,397
T,1.5,MUC,156,Y,67,4.128678987,0,4.128678987,0,4.128678987,0,4.128678987,0,4.128678987,0,POS,398
T,1.0,MIX,147,Y,68,7.8302532512,0,7.8302532512,0,7.8302532512,0,7.8302532512,0,7.8302532512,0,POS,399
T,2.3,MIX,138,N,76,1.7932922656,1,1.7932922656,0,1.6125941136,1,1.6344969199,1,0.8815879535,1,POS,400
T,0.8,MIX,143,Y,60,8.5311430527,0,8.1916495551,1,8.5311430527,0,8.5311430527,0,8.5311430527,0,POS,401
T,1.0,MIX,137,N,68,4.0793976728,0,4.0793976728,0,4.0793976728,0,4.0793976728,0,4.0793976728,0,POS,402
T,1.5,MIX,152,Y,77,7.8001368925,0,7.8001368925,0,7.8001368925,0,7.8001368925,0,7.8001368925,0,POS,403
T,1.7,DUC,146,Y,61,8.1861738535,0,8.1861738535,0,8.1861738535,0,8.1861738535,0,8.1861738535,0,NEG,404
T,1.5,DUC,126,Y,68,5.5195071869,0,0.4982888433,1,5.5195071869,0,5.5195071869,0,5.5195071869,0,POS,405
T,0.5,DUC,147,Y,58,5.1745379877,0,5.1745379877,0,5.1745379877,0,5.1745379877,0,5.1745379877,0,POS,406
T,2.0,DUC,126,Y,58,6.9568788501,0,6.9568788501,0,6.9568788501,0,6.9568788501,0,1.5195071869,1,POS,407
T,2.0,DUC,147,Y,69,7.780971937,0,7.780971937,0,7.780971937,0,7.780971937,0,7.780971937,0,POS,408
T,2.0,DUC,133,Y,73,3.5154004107,1,3.5154004107,0,3.5154004107,0,3.5154004107,0,3.5071868583,1,POS,409
T,2.5,MIX,129,Y,81,6.212183436,0,6.212183436,0,6.212183436,0,6.212183436,0,6.212183436,0,NEG,410
T,2.3,MIX,134,Y,68,8.0465434634,0,8.0465434634,0,8.0465434634,0,8.0465434634,0,8.0465434634,0,POS,411
T,1.2,DUC,132,Y,60,8.167008898,0,8.167008898,0,8.167008898,0,8.167008898,0,8.167008898,0,POS,412
T,1.5,DUC,159,Y,70,8.3039014374,0,8.3039014374,0,8.3039014374,0,8.3039014374,0,8.3039014374,0,POS,413
T,2.2,DUC,161,Y,79,5.311430527,0,2.6283367556,1,5.311430527,0,5.311430527,0,5.311430527,0,POS,414
T,1.0,DUC,126,Y,86,5.4839151266,0,5.4839151266,0,5.4839151266,0,5.4839151266,0,5.4839151266,0,POS,415
T,2.8,MIX,145,Y,66,7.022587269,0,7.022587269,0,7.022587269,0,7.022587269,0,7.022587269,0,POS,416
T,2.5,MIX,138,Y,74,6.9815195072,0,6.9815195072,0,6.9815195072,0,6.9815195072,0,6.9815195072,0,POS,417
T,0.5,MIX,126,Y,64,8.1861738535,0,8.1861738535,0,8.1861738535,0,8.1861738535,0,8.1861738535,0,POS,418
T,1.0,MIX,124,Y,61,1.7631759069,1,1.7631759069,0,1.7631759069,0,1.2703627652,1,0.8459958932,1,POS,419
T,2.0,DUC,125,Y,53,7.2334017796,1,7.2334017796,0,7.2334017796,0,7.2334017796,0,3.2169746749,1,POS,420
T,1.3,LOB,150,Y,71,6.1875427789,0,6.1875427789,0,6.1875427789,0,5.9575633128,1,6.1875427789,0,POS,421
T,0.9,MIX,156,Y,77,6.9349760438,0,6.9349760438,0,6.9349760438,0,6.9349760438,0,6.9349760438,0,POS,422
T,0.5,MIX,132,Y,51,7.5537303217,0,7.5537303217,0,7.5537303217,0,7.5537303217,0,0.8186173854,1,POS,423
T,1.0,DUC,137,Y,51,7.8959616701,0,7.8959616701,0,7.8959616701,0,7.8959616701,0,7.8959616701,0,POS,424
T,1.0,DUC,125,Y,72,7.0417522245,0,7.0417522245,0,7.0417522245,0,7.0417522245,0,7.0417522245,0,POS,425
T,0.8,MIX,140,N,74,7.8247775496,0,7.8247775496,0,7.8247775496,0,7.8247775496,0,7.8247775496,0,POS,426
T,2.0,DUC,135,Y,70,7.4414784394,0,7.4414784394,0,7.4414784394,0,7.4414784394,0,7.4414784394,0,POS,427
T,1.3,DUC,140,Y,80,4.219028063,0,4.219028063,0,4.219028063,0,4.219028063,0,4.219028063,0,NEG,428
T,1.5,DUC,127,Y,60,7.0691307324,0,7.0691307324,0,7.0691307324,0,7.0691307324,0,7.0691307324,0,POS,429
T,1.5,DUC,134,Y,50,7.0746064339,0,7.0746064339,0,7.0746064339,0,7.0746064339,0,7.0746064339,0,POS,430
T,1.0,MIX,133,Y,64,7.6741957563,0,7.6741957563,0,7.6741957563,0,7.6741957563,0,7.6741957563,0,POS,431
T,2.5,MIX,144,Y,51,7.5537303217,0,7.5537303217,0,7.5537303217,0,7.5537303217,0,7.5537303217,0,POS,432
T,0.4,MIX,120,Y,74,6.1574264203,0,6.1574264203,0,6.1574264203,0,6.1574264203,0,5.5249828884,1,POS,433
T,0.6,OTH,133,Y,58,7.7234770705,0,7.7234770705,0,7.7234770705,0,7.7234770705,0,7.7234770705,0,POS,434
T,1.2,MIX,144,N,79,7.3839835729,0,7.3839835729,0,7.3839835729,0,7.3839835729,0,7.3839835729,0,POS,435
T,1.5,MIX,132,Y,68,7.112936345,0,7.112936345,0,7.112936345,0,7.112936345,0,7.112936345,0,POS,436
T,2.8,DUC,133,Y,80,4.7036276523,0,4.7036276523,0,4.7036276523,0,4.7036276523,0,4.7036276523,0,POS,437
T,1.0,DUC,124,Y,62,7.7919233402,0,7.7919233402,0,7.7919233402,0,7.7919233402,0,7.7919233402,0,POS,438
T,1.0,MIX,142,N,79,4.6789869952,0,4.6789869952,0,4.6789869952,0,4.6789869952,0,4.6789869952,0,POS,439
T,1.5,DUC,133,Y,66,2.9678302533,0,2.9678302533,0,2.9678302533,0,2.9678302533,0,2.9678302533,0,POS,440
T,1.0,MIX,157,Y,67,7.1457905544,0,7.1457905544,0,7.1457905544,0,7.1457905544,0,6.5133470226,1,POS,441
T,1.0,DUC,145,Y,71,6.5352498289,0,6.5352498289,0,6.5352498289,0,6.5352498289,0,6.4722792608,1,POS,442
T,1.1,DUC,133,N,81,7.227926078,0,7.227926078,0,7.227926078,0,7.227926078,0,7.227926078,0,POS,443
T,0.6,DUC,121,Y,68,6.2286105407,0,6.2286105407,0,6.2286105407,0,6.2286105407,0,6.2286105407,0,POS,444
T,0.6,DUC,123,Y,74,6.7104722793,0,6.7104722793,0,6.7104722793,0,6.7104722793,0,6.7104722793,0,POS,445
T,1.2,LOB,131,Y,57,7.4524298426,0,7.4524298426,0,7.4524298426,0,7.4524298426,0,7.4524298426,0,POS,446
T,1.0,LOB,128,Y,67,7.0746064339,0,7.0746064339,0,7.0746064339,0,7.0746064339,0,7.0746064339,0,POS,447
T,1.5,DUC,154,Y,64,4.0054757016,0,4.0054757016,0,4.0054757016,0,4.0054757016,0,4.0054757016,0,POS,448
T,2.0,MIX,125,N,82,4.1971252567,0,1.711156742,1,4.1971252567,0,4.1204654346,1,4.1971252567,0,NEG,449
T,0.9,DUC,128,Y,73,7.0855578371,0,7.0855578371,0,7.0855578371,0,7.0855578371,0,7.0855578371,0,POS,450
T,1.6,DUC,131,Y,56,6.6584531143,0,6.6584531143,0,6.6584531143,0,6.6584531143,0,6.6584531143,0,POS,451
T,2.3,DUC,126,Y,57,6.7378507871,0,6.7378507871,0,6.7378507871,0,6.7378507871,0,6.7378507871,0,POS,452
T,1.0,DUC,127,Y,80,7.318275154,0,7.318275154,0,7.318275154,0,7.318275154,0,7.318275154,0,POS,453
T,2.3,DUC,138,Y,54,6.6119096509,0,6.6119096509,0,6.6119096509,0,6.6119096509,0,6.6119096509,0,POS,454
T,1.0,DUC,126,Y,63,7.3511293634,0,7.3511293634,0,7.3511293634,0,7.3511293634,0,7.3511293634,0,POS,455
T,3.5,MIX,128,Y,52,5.1225188227,1,5.1225188227,0,5.1225188227,0,3.0855578371,1,5.1225188227,0,POS,456
T,1.0,DUC,152,Y,63,6.9240246407,0,6.9240246407,0,6.9240246407,0,6.9240246407,0,6.9240246407,0,POS,457
T,0.8,OTH,140,N,75,3.7754962355,0,3.7754962355,0,3.7754962355,0,3.7754962355,0,3.7754962355,0,POS,458
T,3.5,MUC,141,N,73,3.2361396304,1,3.2361396304,0,3.2361396304,0,3.2361396304,0,3.1567419576,1,POS,459
T,1.0,MIX,144,N,71,6.841889117,0,6.841889117,0,6.841889117,0,6.841889117,0,6.841889117,0,POS,460
T,1.5,DUC,163,Y,71,3.2443531828,1,3.2443531828,0,3.2443531828,0,3.2443531828,0,3.2443531828,0,POS,461
T,2.0,DUC,141,Y,57,4.5886379192,0,4.5886379192,0,4.5886379192,0,4.5886379192,0,4.5886379192,0,NEG,462
T,1.5,DUC,117,Y,70,6.9212867899,0,6.9212867899,0,6.9212867899,0,6.9212867899,0,6.9212867899,0,POS,463
T,2.0,DUC,143,Y,52,5.2073921971,0,5.2073921971,0,5.2073921971,0,5.2073921971,0,5.2073921971,0,POS,464
T,1.5,MIX,147,Y,61,5.2073921971,0,5.2073921971,0,5.2073921971,0,5.2073921971,0,5.2073921971,0,POS,465
T,2.0,DUC,115,Y,75,5.8590006845,0,5.8590006845,0,5.8590006845,0,5.8590006845,0,5.8590006845,0,POS,466
T,2.0,DUC,120,Y,76,5.6947296372,0,5.6947296372,0,0.9609856263,1,5.6947296372,0,5.6947296372,0,NEG,467
T,2.3,DUC,123,Y,60,5.1225188227,0,5.1225188227,0,5.1225188227,0,5.1225188227,0,5.1225188227,0,POS,468
T,2.3,LOB,151,Y,62,6.71321013,0,6.71321013,0,6.71321013,0,6.71321013,0,6.71321013,0,POS,469
T,1.8,MIX,141,Y,80,6.7296372348,0,6.7296372348,0,6.7296372348,0,6.7296372348,0,6.7296372348,0,POS,470
T,0.7,MIX,143,Y,55,6.6721423682,0,6.6721423682,0,6.6721423682,0,6.6721423682,0,6.6721423682,0,POS,471
T,2.4,DUC,113,Y,72,3.6358658453,0,3.6358658453,0,3.6358658453,0,3.6358658453,0,3.6358658453,0,POS,472
T,2.0,DUC,128,Y,62,6.46954141,0,6.46954141,0,6.46954141,0,6.46954141,0,6.46954141,0,POS,473
T,1.0,MIX,135,Y,67,6.4476386037,0,6.4476386037,0,6.4476386037,0,6.4476386037,0,6.0177960301,1,POS,474
T,0.8,MIX,143,N,76,6.9596167009,0,6.9596167009,0,6.9596167009,0,6.9596167009,0,6.9596167009,0,POS,475
T,2.0,MIX,142,Y,56,6.5160848734,0,6.5160848734,0,6.5160848734,0,6.5160848734,0,6.5160848734,0,POS,476
T,0.7,OTH,141,Y,66,6.9431895962,0,6.9431895962,0,6.9431895962,0,6.9431895962,0,6.9431895962,0,POS,477
T,2.5,MIX,135,Y,56,6.5352498289,0,6.5352498289,0,6.5352498289,0,6.5352498289,0,6.5352498289,0,POS,478
T,4.0,DUC,134,N,82,3.4113620808,0,1.3278576318,1,3.4113620808,0,3.4113620808,0,3.4113620808,0,POS,479
T,1.5,DUC,120,Y,73,5.6755646817,0,5.6755646817,0,5.6755646817,0,5.6755646817,0,5.6755646817,0,POS,480
T,0.5,DUC,138,Y,51,3.3757700205,0,3.3757700205,0,3.3757700205,0,3.3757700205,0,3.3757700205,0,POS,481
T,2.2,MIX,135,Y,72,6.3080082136,0,6.3080082136,0,6.3080082136,0,6.3080082136,0,6.3080082136,0,POS,482
T,2.0,DUC,133,Y,70,5.735797399,0,5.735797399,0,5.735797399,0,5.735797399,0,5.735797399,0,POS,483
T,1.0,DUC,132,Y,67,5.864476386,0,5.864476386,0,5.864476386,0,5.864476386,0,5.864476386,0,POS,484
T,2.0,DUC,157,Y,54,6.3326488706,0,3.3757700205,1,6.3326488706,0,6.3326488706,0,6.3326488706,0,POS,485
T,4.0,DUC,119,Y,75,1.3415468857,1,1.3415468857,0,1.3415468857,0,1.3415468857,0,1.3415468857,1,POS,486
T,1.0,DUC,127,Y,64,6.1765913758,0,6.1765913758,0,6.1765913758,0,6.1765913758,0,6.1765913758,0,POS,487
T,3.2,MIX,147,Y,65,6.3572895277,0,6.3572895277,0,6.3572895277,0,6.3572895277,0,6.3572895277,0,POS,488
T,1.0,MIX,130,Y,55,5.7002053388,0,5.7002053388,0,5.7002053388,0,5.7002053388,0,5.7002053388,0,POS,489
T,2.3,DUC,137,Y,56,6.4202600958,0,6.4202600958,0,6.4202600958,0,6.4202600958,0,5.2073921971,1,NEG,490
T,2.0,DUC,134,N,79,5.864476386,0,5.864476386,0,5.864476386,0,5.864476386,0,5.864476386,0,POS,491
T,3.1,DUC,136,Y,68,6.2532511978,0,6.2532511978,0,6.2532511978,0,6.2532511978,0,6.2532511978,0,NEG,492
T,0.6,DUC,132,Y,65,6.0013689254,0,6.0013689254,0,6.0013689254,0,6.0013689254,0,6.0013689254,0,NEG,493
T,1.5,MIX,134,Y,50,5.6892539357,0,5.6892539357,0,5.6892539357,0,5.6892539357,0,5.6892539357,0,POS,494
T,1.0,MIX,137,Y,69,5.0403832991,0,5.0403832991,0,5.0403832991,0,5.0403832991,0,5.0403832991,0,POS,495
T,2.0,DUC,140,Y,63,6.0506502396,0,1.2429842574,1,6.0506502396,0,6.0506502396,0,6.0506502396,0,POS,496
T,2.0,LOB,136,Y,60,5.2566735113,0,5.2566735113,0,5.2566735113,0,5.2566735113,0,5.2566735113,0,POS,497
T,2.0,MIX,115,Y,54,6.3490759754,0,2.9377138946,1,3.0718685832,1,6.3490759754,0,6.3490759754,0,NEG,498
T,3.2,DUC,134,N,68,6.2778918549,0,6.2778918549,0,6.2778918549,0,6.2778918549,0,6.2778918549,0,NEG,499
T,1.5,DUC,143,Y,65,5.2566735113,0,3.7399041752,1,5.2566735113,0,5.2566735113,0,4.7529089665,1,POS,500
T,1.5,DUC,129,N,65,6.379192334,0,6.379192334,0,6.379192334,0,6.379192334,0,6.379192334,0,POS,501
T,1.2,DUC,131,Y,65,6.7159479808,0,6.7159479808,0,6.7159479808,0,6.7159479808,0,6.7159479808,0,POS,502
T,2.8,DUC,155,N,67,5.8480492813,0,5.0431211499,1,5.8480492813,0,5.8480492813,0,5.8480492813,0,POS,503
T,1.2,DUC,142,Y,51,4.5557837098,0,4.5557837098,0,4.5557837098,0,4.5557837098,0,4.5557837098,0,POS,504
T,0.8,DUC,127,N,81,5.7713894593,0,5.7713894593,0,5.7713894593,0,5.7713894593,0,5.7713894593,0,POS,505
T,1.9,DUC,124,N,80,5.8863791923,0,5.8863791923,0,5.8863791923,0,5.8863791923,0,5.8863791923,0,POS,506
T,2.5,DUC,146,N,67,6.5516769336,0,6.5516769336,0,6.5516769336,0,6.5516769336,0,6.5516769336,0,POS,507
T,1.5,LOB,144,Y,54,0.2765229295,0,0.2765229295,0,0.2765229295,0,0.2765229295,0,0.2765229295,0,POS,508
T,1.2,DUC,135,Y,76,6.0506502396,0,6.0506502396,0,6.0506502396,0,6.0506502396,0,6.0506502396,0,POS,509
T,1.4,LOB,138,Y,71,0.5503080082,1,0.5503080082,0,0.5503080082,0,0.5475701574,1,0.5503080082,0,POS,510
T,0.8,MIX,142,N,71,6.1245722108,0,6.1245722108,0,6.1245722108,0,6.1245722108,0,6.1245722108,0,POS,511
T,2.5,DUC,144,Y,65,5.8042436687,0,5.8042436687,0,5.8042436687,0,5.8042436687,0,5.8042436687,0,POS,512
T,1.0,MIX,133,Y,54,6.2313483915,0,6.2313483915,0,6.2313483915,0,6.2313483915,0,6.2313483915,0,POS,513
T,2.5,DUC,159,N,66,6.0424366872,0,6.0424366872,0,2.9596167009,1,6.0424366872,0,6.0424366872,0,POS,514
T,1.0,MIX,127,Y,52,5.0266940452,0,5.0266940452,0,5.0266940452,0,5.0266940452,0,5.0266940452,0,POS,515
T,1.4,DUC,126,N,65,5.5660506502,0,5.5660506502,0,5.5660506502,0,5.5660506502,0,5.5660506502,0,POS,516
T,2.0,MIX,130,Y,71,6.0616016427,0,6.0616016427,0,6.0616016427,0,6.0616016427,0,6.0616016427,0,POS,517
T,2.0,LOB,147,Y,75,5.4099931554,0,5.4099931554,0,5.4099931554,0,5.4099931554,0,5.4099931554,0,POS,518
T,1.7,DUC,144,Y,56,6.1957563313,0,6.1957563313,0,6.1957563313,0,6.1957563313,0,6.1957563313,0,POS,519
T,1.0,DUC,135,N,71,6.0616016427,0,6.0616016427,0,6.0616016427,0,6.0616016427,0,6.0616016427,0,POS,520
T,2.2,DUC,139,Y,68,4.9308692676,0,4.9308692676,0,4.9308692676,0,4.9308692676,0,4.9308692676,0,NEG,521
T,1.2,DUC,123,Y,61,5.3524982888,0,5.3524982888,0,5.3524982888,0,5.3524982888,0,5.3524982888,0,POS,522
T,1.0,DUC,151,Y,57,6.0944558522,0,6.0944558522,0,6.0944558522,0,6.0944558522,0,6.0944558522,0,POS,523
T,0.6,MIX,139,Y,58,6.2915811088,0,6.2915811088,0,6.2915811088,0,6.2915811088,0,6.2915811088,0,POS,524
T,1.5,DUC,125,Y,66,6.3490759754,0,6.3490759754,0,6.3490759754,0,6.3490759754,0,6.3490759754,0,POS,525
T,1.0,DUC,137,Y,72,5.9685147159,0,5.9685147159,0,5.9685147159,0,5.9685147159,0,5.9685147159,0,POS,526
T,1.3,DUC,121,Y,79,2.8473648186,0,2.8473648186,0,2.8473648186,0,2.8473648186,0,2.8473648186,0,POS,527
T,1.5,MIX,138,Y,67,5.9876796715,0,5.9876796715,0,5.9876796715,0,5.9876796715,0,5.9876796715,0,POS,528
T,1.1,LOB,144,Y,58,5.5277207392,0,5.5277207392,0,5.5277207392,0,5.5277207392,0,5.5277207392,0,POS,529
T,1.5,MIX,133,Y,68,4.681724846,0,4.681724846,0,4.681724846,0,4.681724846,0,4.681724846,0,POS,530
T,1.0,OTH,151,Y,68,5.3333333333,0,5.3333333333,0,5.3333333333,0,5.3333333333,0,5.3333333333,0,POS,531
T,1.1,DUC,124,Y,81,4.5667351129,0,4.5667351129,0,4.5667351129,0,4.5667351129,0,4.5667351129,0,POS,532
T,2.0,DUC,131,N,71,5.9110198494,0,5.9110198494,0,5.9110198494,0,5.9110198494,0,5.9110198494,0,POS,533
T,1.5,DUC,128,N,87,5.7056810404,0,5.7056810404,0,5.7056810404,0,5.7056810404,0,5.7056810404,0,NEG,534
T,1.5,DUC,153,Y,76,6.2012320329,0,6.2012320329,0,6.2012320329,0,6.2012320329,0,6.2012320329,0,POS,535
T,1.7,DUC,119,N,75,4.9171800137,0,4.9171800137,0,4.9171800137,0,4.9171800137,0,4.9171800137,0,POS,536
T,1.5,DUC,142,Y,62,5.3744010951,0,5.3744010951,0,5.3744010951,0,5.3744010951,0,5.3744010951,0,POS,537
T,1.7,MIX,128,Y,63,4.9117043121,0,4.9117043121,0,4.9117043121,0,4.9117043121,0,4.9117043121,0,POS,538
T,1.5,MIX,133,Y,52,5.8535249829,0,5.8535249829,0,0.6789869952,1,5.8535249829,0,5.8535249829,0,POS,539
T,0.7,MIX,130,Y,56,5.1882272416,0,5.1882272416,0,5.1882272416,0,5.1882272416,0,5.1882272416,0,POS,540
T,0.7,DUC,146,Y,62,5.5989048597,0,5.5989048597,0,5.5989048597,0,5.5989048597,0,5.5989048597,0,POS,541
T,1.0,DUC,140,Y,53,5.0376454483,0,5.0376454483,0,5.0376454483,0,5.0376454483,0,5.0376454483,0,POS,542
T,1.5,DUC,125,Y,56,4.8706365503,0,4.8706365503,0,1.4373716632,1,4.8706365503,0,4.8706365503,0,POS,543
T,0.9,DUC,143,Y,65,5.1088295688,0,5.1088295688,0,5.1088295688,0,5.1088295688,0,5.1088295688,0,POS,544
T,2.5,DUC,120,Y,69,5.5633127995,0,5.5633127995,0,1.9575633128,1,5.5633127995,0,5.5633127995,0,POS,545
T,1.5,DUC,142,Y,59,3.1704312115,0,3.1704312115,0,3.1704312115,0,3.1704312115,0,3.1704312115,0,POS,546
T,2.0,MIX,134,Y,51,5.7002053388,0,5.7002053388,0,5.7002053388,0,5.7002053388,0,5.7002053388,0,POS,547
T,1.0,DUC,137,Y,76,5.1006160164,0,5.1006160164,0,5.1006160164,0,5.1006160164,0,5.1006160164,0,POS,548
T,2.0,DUC,135,Y,54,0.2491444216,0,0.2491444216,0,0.2491444216,0,0.2491444216,0,0.2491444216,0,POS,549
T,2.1,DUC,143,Y,70,3.1184120465,0,1.3278576318,1,3.1184120465,0,2.2450376454,1,3.1184120465,0,POS,550
T,0.8,DUC,128,Y,80,4.8569472964,0,4.8569472964,0,4.8569472964,0,4.8569472964,0,4.8569472964,0,POS,551
T,1.2,MIX,134,Y,70,4.9993155373,0,4.9993155373,0,4.9993155373,0,4.9993155373,0,4.9993155373,0,POS,552
T,3.0,MUC,151,Y,60,4.7364818617,0,4.7364818617,0,4.7364818617,0,4.7364818617,0,4.7364818617,0,POS,553
T,1.1,DUC,125,Y,56,0.1615331964,1,0.1615331964,0,0.1615331964,0,0.1615331964,0,0.1615331964,0,POS,554
T,1.5,MUC,127,Y,68,4.5503080082,0,4.5503080082,0,4.5503080082,0,4.5503080082,0,4.5503080082,0,POS,555
T,1.2,DUC,127,Y,53,5.1991786448,0,5.1991786448,0,5.1991786448,0,5.1991786448,0,5.1991786448,0,POS,556
T,0.8,DUC,119,Y,50,5.273100616,0,5.273100616,0,5.273100616,0,5.273100616,0,5.273100616,0,POS,557
T,1.0,MUC,96,Y,69,2.1245722108,0,2.1245722108,0,2.1245722108,0,2.1245722108,0,2.1245722108,0,POS,558
T,2.7,DUC,128,Y,57,5.1800136893,0,3.151266256,1,5.1800136893,0,5.1800136893,0,5.1800136893,0,POS,559
T,1.2,MIX,135,Y,83,5.1197809719,0,5.1197809719,0,5.1197809719,0,5.1197809719,0,5.1197809719,0,POS,560
T,0.4,DUC,134,Y,64,5.5989048597,0,5.5989048597,0,5.5989048597,0,5.5989048597,0,3.8439425051,1,POS,561
T,1.4,DUC,132,N,71,4.9144421629,0,4.9144421629,0,4.9144421629,0,4.9144421629,0,4.9144421629,0,POS,562
T,1.0,DUC,138,N,74,1.8425735797,0,1.8425735797,0,1.8425735797,0,1.8425735797,0,1.8425735797,0,POS,563
T,1.0,MIX,124,Y,71,5.196440794,0,5.196440794,0,5.196440794,0,5.196440794,0,5.196440794,0,POS,564
T,1.3,DUC,136,Y,82,4.2245037645,0,4.2245037645,0,4.2245037645,0,4.2245037645,0,4.2245037645,0,POS,565
T,2.0,MIX,143,Y,76,3.9644079398,0,3.9644079398,0,3.9644079398,0,3.9644079398,0,3.9644079398,0,POS,566
T,0.7,DUC,133,Y,66,5.0075290897,0,5.0075290897,0,5.0075290897,0,5.0075290897,0,5.0075290897,0,POS,567
T,1.2,MIX,129,Y,68,5.4209445585,0,5.4209445585,0,5.4209445585,0,5.4209445585,0,5.4209445585,0,POS,568
T,2.2,DUC,139,N,85,5.0376454483,0,5.0376454483,0,2.8610540726,1,5.0376454483,0,5.0376454483,0,POS,569
T,2.7,DUC,131,N,76,5.3744010951,0,5.3744010951,0,5.3744010951,0,5.3744010951,0,5.3744010951,0,POS,570
T,1.9,DUC,104,N,72,1.4318959617,0,1.4318959617,0,1.4318959617,0,1.4318959617,0,1.4318959617,0,POS,571
T,1.0,DUC,140,Y,65,4.605065024,0,4.605065024,0,4.605065024,0,4.605065024,0,4.605065024,0,POS,572
T,1.5,MIX,131,Y,76,5.1800136893,0,5.1800136893,0,5.1800136893,0,5.1800136893,0,5.1800136893,0,POS,573
T,1.3,DUC,125,Y,52,1.8809034908,0,1.8809034908,0,1.8809034908,0,1.8809034908,0,1.8809034908,0,POS,574
T,1.0,DUC,145,Y,55,4.8624229979,0,4.8624229979,0,4.8624229979,0,4.8624229979,0,4.8624229979,0,POS,575
T,1.9,DUC,130,Y,60,4.3942505133,0,4.3942505133,0,4.3942505133,0,4.3942505133,0,4.3942505133,0,POS,576
T,1.8,DUC,131,Y,57,5.4072553046,0,5.3278576318,1,5.4072553046,0,5.4072553046,0,5.4072553046,0,POS,577
T,0.7,DUC,121,Y,72,4.8186173854,0,4.8186173854,0,4.8186173854,0,4.8186173854,0,4.8186173854,0,POS,578
T,2.8,DUC,123,Y,73,5.0568104038,0,5.0568104038,0,5.0568104038,0,5.0568104038,0,5.0568104038,0,POS,579
T,1.7,DUC,139,Y,87,4.4544832307,0,4.4544832307,0,4.4544832307,0,4.4544832307,0,4.4544832307,0,POS,580
T,0.7,DUC,135,Y,66,4.3778234086,0,4.3778234086,0,4.3778234086,0,4.3778234086,0,4.3778234086,0,POS,581
T,1.2,DUC,145,Y,62,4.34770705,0,4.34770705,0,4.34770705,0,4.34770705,0,4.34770705,0,POS,582
T,1.0,DUC,141,Y,67,4.1697467488,0,4.1697467488,0,4.1697467488,0,4.1697467488,0,4.1697467488,0,POS,583
T,2.0,DUC,146,Y,77,4.295687885,0,0.7310061602,1,4.295687885,0,4.295687885,0,4.295687885,0,NEG,584
T,0.8,DUC,134,Y,59,3.8466803559,0,3.8466803559,0,3.8466803559,0,3.8466803559,0,3.5509924709,1,POS,585
T,1.4,MIX,138,Y,67,4.3805612594,0,4.3805612594,0,4.3805612594,0,4.3805612594,0,4.3805612594,0,POS,586
T,2.0,MIX,128,Y,58,4.7748117728,0,4.7748117728,0,4.7748117728,0,4.7748117728,0,2.3956194387,1,POS,587
T,0.6,MIX,139,Y,64,4.5612594114,0,4.5612594114,0,4.5612594114,0,4.5612594114,0,4.5612594114,0,POS,588
T,1.5,DUC,138,Y,72,4.8186173854,0,4.8186173854,0,4.8186173854,0,4.8186173854,0,4.8186173854,0,POS,589
T,0.8,DUC,135,Y,62,3.9972621492,0,3.9972621492,0,3.9972621492,0,3.9972621492,0,3.9972621492,0,POS,590
T,1.5,DUC,129,Y,65,4.3778234086,0,4.3778234086,0,4.3778234086,0,4.3778234086,0,4.3778234086,0,POS,591
T,1.7,DUC,155,Y,68,4.1971252567,0,4.1971252567,0,4.1971252567,0,4.1971252567,0,4.1971252567,0,POS,592
T,2.0,MIX,129,Y,54,3.7973990418,0,3.7973990418,0,3.7973990418,0,3.7973990418,0,3.7973990418,0,POS,593
T,1.5,DUC,133,Y,62,4.629705681,0,4.629705681,0,4.629705681,0,4.629705681,0,4.038329911,1,POS,594
T,2.0,DUC,157,Y,69,2.7241615332,1,2.7241615332,0,2.7241615332,0,2.7241615332,0,2.7241615332,0,POS,595
T,1.3,MIX,120,Y,72,4.2381930185,0,4.2381930185,0,4.2381930185,0,4.2381930185,0,4.2381930185,0,POS,596
T,1.5,MIX,135,N,77,3.5838466804,0,3.5838466804,0,3.5838466804,0,3.5838466804,0,3.5838466804,0,POS,597
T,1.7,DUC,130,N,85,2.6803559206,0,2.6803559206,0,2.6803559206,0,2.6803559206,0,2.6803559206,0,POS,598
T,1.0,MIX,129,N,78,3.4579055441,0,3.4579055441,0,3.4579055441,0,3.4579055441,0,3.4579055441,0,POS,599
T,0.9,LOB,138,Y,65,4.5393566051,0,4.5393566051,0,4.5393566051,0,4.5393566051,0,3.7262149213,1,POS,600
T,0.7,MIX,139,Y,64,4.2026009582,0,4.2026009582,0,4.2026009582,0,4.2026009582,0,4.2026009582,0,POS,601
T,2.5,DUC,135,N,68,1.53045859,0,1.53045859,0,1.53045859,0,1.53045859,0,1.53045859,0,POS,602
T,2.0,MIX,150,Y,55,3.9589322382,0,3.9589322382,0,3.9589322382,0,3.9589322382,0,3.9589322382,0,POS,603
T,2.0,MIX,126,Y,85,2.5023956194,0,2.5023956194,0,2.5023956194,0,2.5023956194,0,2.5023956194,0,POS,604
T,2.5,LOB,139,N,69,4.0848733744,0,4.0848733744,0,4.0848733744,0,4.0848733744,0,4.0848733744,0,POS,605
T,3.3,MUC,130,Y,60,4.1232032854,0,4.1232032854,0,4.1232032854,0,4.1232032854,0,4.1232032854,0,POS,606
T,2.0,DUC,119,Y,59,4.3586584531,0,3.5181382615,1,4.3586584531,0,4.3586584531,0,4.3586584531,0,POS,607
T,0.8,DUC,141,Y,75,4.0082135524,0,4.0082135524,0,4.0082135524,0,4.0082135524,0,2.5708418891,1,POS,608
T,2.5,DUC,138,N,68,3.4524298426,0,3.4524298426,0,3.4524298426,0,3.4524298426,0,3.4524298426,0,POS,609
T,1.0,DUC,143,Y,63,3.7015742642,0,3.7015742642,0,3.7015742642,0,3.7015742642,0,3.7015742642,0,POS,610
T,2.0,DUC,132,N,75,1.9986310746,0,1.9986310746,0,1.9986310746,0,1.9986310746,0,1.9986310746,0,POS,611
T,3.0,MIX,106,Y,57,4.4106776181,0,4.4106776181,0,4.4106776181,0,4.4106776181,0,4.4106776181,0,POS,612
T,0.7,MIX,123,Y,73,3.394934976,0,3.394934976,0,3.394934976,0,3.394934976,0,3.394934976,0,POS,613
T,2.2,LOB,116,Y,71,3.7097878166,0,3.7097878166,0,3.7097878166,0,3.7097878166,0,3.7097878166,0,POS,614
T,0.2,DUC,125,N,79,3.0663928816,0,3.0663928816,0,3.0663928816,0,3.0663928816,0,3.0663928816,0,POS,615
T,2.0,DUC,136,N,74,3.5427789185,0,3.5427789185,0,3.5427789185,0,3.5427789185,0,3.5427789185,0,POS,616
T,0.6,MIX,123,N,76,3.6851471595,0,3.6851471595,0,3.6851471595,0,3.6851471595,0,3.6851471595,0,POS,617
T,1.5,DUC,147,Y,78,2.7077344285,0,2.7077344285,0,2.7077344285,0,2.7077344285,0,2.7077344285,0,NEG,618
T,1.5,MIX,130,Y,58,3.5865845311,0,3.5865845311,0,3.5865845311,0,3.5865845311,0,3.5865845311,0,POS,619
T,1.8,DUC,119,Y,75,4.0657084189,0,4.0657084189,0,4.0657084189,0,4.0657084189,0,4.0657084189,0,POS,620
T,1.1,OTH,123,Y,56,4.0465434634,0,4.0465434634,0,4.0465434634,0,4.0465434634,0,4.0465434634,0,POS,621
T,0.6,DUC,134,Y,68,3.8412046543,0,3.8412046543,0,3.8412046543,0,3.8412046543,0,3.8412046543,0,POS,622
T,1.5,DUC,146,N,76,2.9541409993,0,2.9541409993,0,2.9541409993,0,2.9541409993,0,2.9541409993,0,POS,623
T,0.9,DUC,141,Y,66,2.7871321013,0,2.7871321013,0,2.7871321013,0,2.7871321013,0,2.7871321013,0,POS,624
T,0.7,MIX,134,Y,67,3.0444900753,0,3.0444900753,0,3.0444900753,0,3.0444900753,0,3.0444900753,0,POS,625
T,1.0,DUC,121,Y,68,3.6112251882,0,3.6112251882,0,3.6112251882,0,3.6112251882,0,3.6112251882,0,POS,626
T,1.3,DUC,131,Y,61,3.1759069131,0,3.1759069131,0,3.1759069131,0,3.1759069131,0,3.1759069131,0,POS,627
T,2.5,MIX,127,Y,52,3.7481177276,0,3.7481177276,0,2.9650924025,1,3.7481177276,0,3.7481177276,0,POS,628
T,1.5,DUC,135,Y,60,0.372347707,0,0.372347707,0,0.372347707,0,0.372347707,0,0.372347707,0,POS,629
T,1.0,DUC,116,Y,56,0.5968514716,0,0.5968514716,0,0.5968514716,0,0.5968514716,0,0.5968514716,0,POS,630
T,1.6,DUC,125,N,73,0.3285420945,0,0.3285420945,0,0.3285420945,0,0.3285420945,0,0.3285420945,0,POS,631
T,1.6,LOB,133,Y,73,2.9514031485,0,2.9514031485,0,2.9514031485,0,2.9514031485,0,2.9514031485,0,POS,632
T,1.4,DUC,137,Y,72,2.9075975359,0,2.9075975359,0,2.9075975359,0,2.9075975359,0,2.9075975359,0,POS,633
T,0.4,DUC,131,Y,75,1.582477755,0,1.582477755,0,1.582477755,0,1.582477755,0,1.582477755,0,POS,634
T,2.1,DUC,138,Y,71,3.4743326489,0,3.4743326489,0,3.4743326489,0,3.4743326489,0,3.4743326489,0,POS,635
T,1.0,DUC,130,Y,66,2.8254620123,0,2.8254620123,0,2.8254620123,0,2.8254620123,0,2.8254620123,0,POS,636
T,3.7,OTH,139,Y,60,2.7214236824,0,2.7214236824,0,2.7214236824,0,2.7214236824,0,2.7214236824,0,POS,637
T,1.9,LOB,121,Y,69,1.9986310746,0,1.9986310746,0,1.9986310746,0,1.9986310746,0,1.9986310746,0,POS,638
T,2.3,DUC,133,Y,77,2.1382614648,0,2.1382614648,0,2.1382614648,0,2.1382614648,0,2.1382614648,0,POS,639
T,2.0,DUC,147,Y,69,2.5489390828,0,0.9308692676,1,2.5489390828,0,1.1197809719,1,0.9281314168,1,POS,640
T,1.0,DUC,126,Y,69,2.559890486,0,2.559890486,0,2.559890486,0,2.559890486,0,2.559890486,0,POS,641
